t,o,c,h,l,v
1178748000,15,14.39,15.4,14,1083
1178834400,13.3,13.8,14.63,13.3,4909
1179093600,14.09,13.8,14.09,13.6,1173
1179180000,14,13.95,14,13.7,6767
1179266400,13.99,13.9,13.99,13.02,5725
1179352800,13.16,13.9,13.9,13.16,5677
1179439200,13.9,13.89,13.9,13.8,1765
1179698400,13.51,13.3,13.8,13.25,11962
1179784800,13.16,13.15,13.21,13.1,2869
1179871200,13.39,13.1,13.39,13.1,1580
1179957600,13,13.37,13.38,13,2342
1180044000,13.4,13.33,13.4,13,544
1180303200,13.43,13.32,13.43,13.32,710
1180389600,13.02,13.1,13.33,12.8,1515
1180476000,13.27,12.8,13.27,12.71,1909
1180562400,12.6,13.14,13.14,12.6,11506
1180648800,12.61,12.8,13.09,12.61,2150
1180908000,12.8,12.66,12.8,12.65,1367
1180994400,12.66,12.8,12.99,12.57,836
1181080800,12.8,12.8,12.8,12,2995
1181253600,12.6,13.47,13.47,12.6,8503
1181512800,13.26,13.2,13.54,13.2,3560
1181599200,13.2,13.2,13.46,13.2,4455
1181685600,0,13.2,13.2,13.2,0
1181772000,13.25,13.01,13.25,13,2597
1181858400,13.19,13.19,13.2,12.86,3498
1182117600,13.2,13.01,13.35,12.8,9359
1182204000,13.02,13.4,13.4,12.75,9234
1182290400,13.5,13.92,14,13.45,7433
1182376800,13.9,13.79,13.9,13.2,3891
1182463200,13.3,13.17,13.49,13.17,4964
1182722400,13.74,13.47,13.74,13.11,5497
1182808800,13.5,13.5,13.5,13.5,102
1182895200,13.48,13.5,13.5,13.48,102
1182981600,12.9,13.43,13.43,12.9,4164
1183068000,12.89,12.89,12.9,12.89,214
1183327200,12.61,12.6,12.73,12.6,2086
1183413600,12.73,12.85,12.85,12.35,8311
1183500000,12.65,12.49,12.89,12.27,8259
1183586400,12.28,12.3,12.3,12.2,4472
1183672800,12.3,12.4,12.43,12.3,3136
1183932000,12.6,12.55,12.6,12.35,812
1184018400,12.28,12.6,12.6,12.1,6192
1184104800,12.17,12.59,12.59,12.1,1110
1184191200,12.48,12.45,12.48,12.06,5438
1184277600,12.6,12.12,12.6,12.12,270
1184536800,12.05,12,12.05,12,3347
1184623200,11.76,12.49,12.49,11.76,804
1184709600,11.8,12.4,12.4,11.78,3771
1184796000,12.7,12.7,12.7,12.7,227
1184882400,12.6,12.65,12.65,12.6,1527
1185141600,12.6,12.3,12.6,12.03,5203
1185228000,12.04,12.03,12.04,12.03,97
1185314400,12.29,12.2,12.29,12.2,2100
1185400800,12.03,11.5,12.44,11.5,1203
1185487200,11.4,11.98,11.99,11,880
1185746400,11.98,12.2,12.38,11.98,380
1185832800,11.5,12,12.29,11.5,605
1185919200,11.1,12.34,12.34,10.82,5720
1186005600,11.51,12.28,12.28,11.51,4602
1186092000,11.65,12.24,12.24,11.51,2451
1186351200,11.5,11.7,12.33,11.5,5278
1186437600,12.23,12.23,12.23,12.23,125
1186524000,12.19,12.2,12.2,12.19,544
1186610400,11.51,11.51,11.51,11.51,442
1186696800,11.1,11.49,11.5,10.9,1498
1186956000,10.81,11.89,11.89,10.81,176
1187042400,11.8,11.94,11.94,11.8,160
1187215200,10.76,10.4,11,10.1,1310
1187301600,9.61,9.55,9.61,9.4,3894
1187560800,9.9,9.52,11.42,9.52,3229
1187647200,10,9.94,10,9.4,1501
1187733600,9.52,9.99,10.03,9.5,2089
1187820000,11.4,9.75,11.4,9.66,2384
1187906400,9.7,9.5,9.71,9.5,1790
1188165600,9.5,9.7,10,9.5,1580
1188252000,9.25,9.74,9.74,9.25,599
1188338400,9.22,9.95,10,9.22,1058
1188424800,10,10.06,10.06,10,2305
1188511200,0,10.06,10.06,10.06,0
1188770400,9.7,10.06,10.06,9.7,231
1188856800,10.07,10.07,10.07,9.4,5730
1188943200,9.98,10.06,10.06,9.98,314
1189029600,9.44,9.97,9.98,9.44,704
1189116000,10.09,9.43,10.09,9.43,1510
1189375200,9.25,9.53,9.53,9,6998
1189461600,9,9.43,9.43,9,2974
1189548000,9.06,9.05,9.06,9.04,1050
1189634400,9.05,9,9.05,9,350
1189720800,8.71,9.47,9.48,8.71,119
1189980000,9.57,9.4,9.57,9,1615
1190066400,9.55,9.4,9.55,9.4,540
1190152800,9.57,9.4,9.57,9.4,154
1190239200,9.4,9.4,9.4,9,5896
1190325600,9.55,9.31,9.55,9.31,1892
1190584800,9.31,9.11,9.55,9.11,354
1190671200,9.55,9,9.55,9,215
1190757600,9.57,9.39,9.57,9.3,4011
1190844000,9.07,9.1,9.1,8.95,2825
1190930400,9.01,9.01,9.01,9.01,143
1191189600,9.33,9.87,10.45,8.6,16500
1191276000,9.97,10.04,10.15,9.5,13066
1191362400,10.05,9.9,10.05,9.51,998
1191448800,9.89,9.5,9.89,8.77,6901
1191535200,9.5,9.1,9.5,8.8,7895
1191794400,9.11,9.35,9.5,9.11,2171
1191880800,9.4,9.2,9.4,9.2,201
1191967200,9.2,9.4,9.4,9,2281
1192053600,9.01,9.04,9.3,9,3876
1192140000,9.02,9.34,9.39,9,1941
1192399200,9.44,9.4,9.44,9.4,501
1192485600,9.02,9.03,9.03,9.01,830
1192572000,9.28,9.06,9.28,9.04,2504
1192658400,9.1,8.9,9.1,8.9,2425
1192744800,9.05,8.82,9.1,8.82,1380
1193004000,9.19,8.81,9.19,8.81,2271
1193090400,8.9,8.9,8.9,8.9,250
1193176800,8.8,9.01,9.01,8.8,928
1193263200,8.8,8.8,8.8,8.7,3668
1193349600,8.6,9.07,9.07,8.55,3533
1193612400,9.02,9.04,9.04,9.02,100
1193698800,9,9.03,9.03,8.5,154
1193785200,8.55,8.94,8.94,8.41,6756
1193958000,8.5,8.34,8.84,8.18,25897
1194217200,8.11,8.4,8.85,8.11,2811
1194303600,8.64,8.56,8.64,8.05,912
1194390000,8.63,7.8,8.63,7.8,1510
1194476400,7.1,7.99,7.99,7.1,1151
1194562800,8.35,8.1,8.69,7.45,1296
1194822000,8.49,8.49,8.49,8.49,333
1194908400,0,8.49,8.49,8.49,0
1194994800,8.35,8.35,8.35,8.35,200
1195081200,8.2,8.35,8.35,8.2,213
1195167600,7.6,7.45,7.97,7.15,2234
1195426800,8.05,7.64,8.05,7.13,1599
1195513200,7.2,6.35,7.25,6.35,1254
1195599600,6.5,6.2,6.5,6.2,1008
1195686000,6.1,6.1,6.1,5.62,3100
1195772400,6.6,6.8,6.85,6.6,820
1196031600,6.85,7.3,7.3,6.85,200
1196118000,6.85,6.85,6.85,6.85,150
1196204400,0,6.85,6.85,6.85,0
1196290800,7,6.81,7.19,6.4,3061
1196377200,6.85,7.15,7.17,6.85,1200
1196636400,7,7,7,6.97,1137
1196722800,7,7.19,7.19,7,483
1196809200,6.95,6.94,6.95,6.94,10514
1196895600,7.19,7.19,7.19,7.19,82
1196982000,6.58,7.24,7.24,6.57,800
1197241200,7.23,7.79,7.8,7.23,1522
1197327600,7.94,7.92,7.94,7.92,1020
1197414000,7.8,7.8,7.8,7.8,290
1197500400,7.95,7.95,7.95,7.95,2000
1197586800,7.8,7.8,7.8,7.8,268
1197846000,0,7.8,7.8,7.8,0
1197932400,7.95,7.17,7.95,7.17,572
1198018800,7.47,7.18,7.47,7.18,13018
1198105200,7.18,6.85,7.18,6.6,11657
1198191600,6.85,6.8,6.86,6.8,92836
1198710000,6.81,6.8,6.81,6.8,2157
1198796400,6.8,6.99,6.99,6.8,501
1199228400,6.82,6.92,7.2,6.82,18845
1199314800,6.7,6.53,6.78,6.38,3007
1199401200,6.71,6.45,6.8,6.45,5762
1199660400,6.17,6.57,6.58,6.17,730
1199746800,6.88,6.32,6.88,6.14,13832
1199833200,6.2,5.84,6.2,5.72,4771
1199919600,5.3,5.78,5.78,5.3,15388
1200006000,5.15,5.29,5.45,5.1,19387
1200265200,5.15,4.9,5.28,4.8,5768
1200351600,5.02,4.89,5.02,4.55,2336
1200438000,4.41,4.6,5.02,4.38,10934
1200524400,4.99,4.6,5.21,4.4,5541
1200610800,4.6,4.95,4.95,4.6,14726
1200870000,5.1,4.9,5.1,4.7,22095
1200956400,4.6,4.8,4.81,4.6,11543
1201042800,4.99,4.99,4.99,4.99,260
1201129200,5.05,5.05,5.06,4.78,6405
1201215600,0,5.05,5.05,5.05,0
1201474800,5.02,5.29,5.29,5.02,6933
1201561200,5.29,5.33,5.89,5.29,3052
1201647600,5.5,5.5,5.5,5.5,1774
1201734000,5.5,5.81,6,5.5,7757
1201820400,6.29,5.95,6.29,5.9,5043
1202079600,6.4,7.4,7.59,6.3,42235
1202166000,7.25,7.19,7.25,6.72,24808
1202252400,6.71,7.75,7.75,6.7,4951
1202338800,7.65,7.16,7.65,7.16,13240
1202425200,7,7.6,7.6,7,4656
1202684400,7.89,7.75,8.1,7.7,17161
1202770800,8.14,8.13,8.14,7.91,6190
1202857200,8.13,8.17,8.19,8.01,5189
1202943600,8.17,8.4,8.49,8.17,8514
1203030000,8.7,8.69,8.7,8.45,13172
1203289200,8.64,8.59,8.64,8.07,6387
1203375600,8.35,8.08,8.59,8,4440
1203462000,8.54,8.47,8.54,7.9,4046
1203548400,8.3,8.4,8.4,8.3,1205
1203634800,8.47,8.29,8.47,8.08,53
1203894000,8.57,8.08,8.57,8.08,3733
1203980400,8.09,8.25,8.3,8.09,8304
1204066800,8.25,8.25,8.25,8.25,545
1204153200,0,8.25,8.25,8.25,0
1204239600,8.49,8.49,8.49,8.49,5
1204498800,7.65,8.05,8.05,7.65,489
1204585200,7.94,7.95,7.95,7.94,325
1204671600,7.65,7.65,7.65,7.61,3093
1204758000,7.28,8.6,8.6,7.28,1561
1204844400,7.99,7.55,7.99,7.55,989
1205103600,7.8,7.8,7.8,7.41,797
1205190000,7.8,8.05,8.05,7.55,1067
1205276400,7.9,7.5,7.92,7.5,11912
1205362800,7.5,7.65,7.65,7.5,14648
1205449200,7.65,7.65,7.65,7.41,1220
1205708400,7.64,7.64,7.64,7.64,163
1205794800,7.3,7.58,7.58,7.3,2791
1205881200,0,7.58,7.58,7.58,0
1205967600,7.53,7.04,7.53,7,7827
1206399600,7.25,7.29,7.29,7.1,1236
1206486000,7.3,7.2,7.3,7.2,3219
1206572400,7.15,7.19,7.19,7.1,3754
1206658800,7.22,7.5,7.5,7.2,3999
1206914400,8,7.6,8,7.6,2828
1207000800,7.5,7.7,7.7,7.5,301
1207087200,7.7,7.95,7.95,7.7,1263
1207173600,7.7,7.95,7.95,7.7,1814
1207260000,0,7.95,7.95,7.95,0
1207519200,7.9,8.39,8.39,7.9,5292
1207605600,8.3,8.35,8.35,8.01,1877
1207692000,8.42,8.4,8.42,8.4,890
1207778400,8.58,8.29,8.58,8.06,251
1207864800,8.29,8.5,8.58,8.2,4959
1208124000,8.45,8.45,8.45,8.45,560
1208210400,8.2,8.35,8.35,8.2,4432
1208296800,8.2,8.4,8.4,8.2,1543
1208383200,8.2,8.49,8.49,8.2,5756
1208469600,0,8.49,8.49,8.49,0
1208728800,8.2,8.49,8.49,8.2,175
1208815200,8.2,8.2,8.2,8,682
1208901600,7.9,7.99,8,7.8,1489
1208988000,7.6,8,8,7.6,123
1209074400,8,7.99,8,7.5,214
1209333600,8,8,8,8,2130
1209420000,8,8,8,8,100
1209506400,8,8.5,8.5,7.6,8609
1209938400,8.58,8.5,8.58,8.1,1285
1210024800,8.5,8.3,8.5,8.3,1250
1210111200,8.49,8.49,8.49,8.49,10
1210197600,8.01,8.49,8.49,8,600
1210284000,8.02,8.3,8.3,8.02,310
1210543200,8.4,8.4,8.4,8.4,10
1210629600,0,8.4,8.4,8.4,0
1210716000,8.3,8.3,8.3,8.3,80
1210802400,8.3,8.3,8.3,8.3,100
1210888800,8.29,8.29,8.29,8.29,100
1211148000,7.48,8.25,8.25,7.48,20
1211234400,8.25,8.25,8.25,8.25,15
1211320800,8.15,8.15,8.15,8.15,100
1211493600,7.35,7.9,8.14,7.35,473
1211752800,7.9,7.9,7.9,7.9,100
1211839200,7.8,7.8,7.8,7.8,66
1211925600,7.9,7.9,7.9,7.9,100
1212012000,7.89,7.9,7.9,7.89,100
1212098400,7.89,7.9,7.9,7.89,103
1212357600,7.89,7.89,7.89,7.89,90
1212444000,7.9,7.9,7.9,7.9,4
1212530400,7.89,7.89,7.89,7.89,90
1212616800,7.9,7.95,7.95,7.9,400
1212703200,7.75,8.21,8.21,7.75,111
1212962400,8,8,8,7.8,1889
1213048800,7.95,7.62,7.95,7.62,1550
1213135200,7.5,7.5,7.5,7.07,3621
1213221600,7.07,7.25,7.25,7.07,300
1213308000,7.1,7.13,7.13,7.02,2049
1213567200,7.05,7.1,7.14,7.05,2023
1213653600,7.1,7.35,7.35,7.1,455
1213740000,7.1,7.1,7.1,7,1377
1213826400,7.09,6.8,7.09,6.8,1803
1213912800,6.79,6.79,6.79,6.79,100
1214172000,6.79,6.79,6.79,6.79,100
1214258400,6.5,6.68,6.68,6.5,7902
1214344800,6.68,6.82,6.82,6.68,458
1214431200,6.88,6.88,6.88,6.5,1004
1214517600,6.88,6.88,6.88,6.88,57
1214776800,6.85,6.85,6.85,6.85,100
1214863200,6.8,6.8,6.8,6.8,100
1214949600,6.8,6.8,6.8,6.8,100
1215036000,6.88,6.88,6.88,6.88,100
1215122400,6.8,6.88,6.88,6.8,101
1215381600,6.8,6.5,6.87,6.5,1501
1215468000,6.5,6.5,6.5,6.5,300
1215554400,6.6,6.75,6.75,6.6,519
1215640800,6.75,6.75,6.75,6.75,150
1215727200,6.5,6.5,6.5,6.5,1600
1215986400,6.5,6.5,6.5,6.5,100
1216072800,6.2,6.5,6.5,6.2,302
1216159200,6.1,6.4,6.4,6.09,966
1216245600,6.35,6.7,6.7,6.35,801
1216332000,6.7,6.7,6.7,6.7,100
1216591200,6.88,6.88,6.88,6.88,400
1216677600,6.88,6.98,6.98,6.88,700
1216764000,6.98,6.98,6.98,6.98,100
1216850400,6.97,6.97,6.97,6.97,100
1216936800,6.87,6.87,6.87,6.87,100
1217196000,6.87,6.87,6.87,6.87,300
1217282400,6.87,6.87,6.87,6.87,400
1217368800,6.8,6.95,6.95,6.5,3600
1217455200,6.87,6.93,6.93,6.87,100
1217541600,6.7,6.92,6.92,6.7,71
1217800800,6.5,6.8,6.8,6.5,1028
1217887200,6.9,6.89,6.9,6.55,3458
1217973600,6.9,6.9,6.9,6.9,1
1218060000,6.95,6.95,6.95,6.95,100
1218146400,6.95,6.95,6.95,6.95,100
1218405600,6.95,6.95,6.95,6.95,100
1218492000,6.95,6.95,6.95,6.95,400
1218578400,6.7,6.7,6.7,6.7,1300
1218664800,6.5,6.95,6.95,6.5,2447
1219010400,6.7,6.6,6.7,6.6,1525
1219096800,6.6,6.67,6.67,6.6,77
1219183200,6.71,6.47,6.71,6.2,2002
1219269600,6.38,6.7,6.7,6.38,551
1219356000,6.65,6.65,6.65,6.65,100
1219615200,6.75,6.75,6.75,6.75,1
1219701600,0,6.75,6.75,6.75,0
1219788000,0,6.75,6.75,6.75,0
1219874400,0,6.75,6.75,6.75,0
1219960800,6.08,6.3,6.66,6.08,5701
1220220000,6.1,6.36,6.36,6.1,127
1220306400,0,6.36,6.36,6.36,0
1220392800,6.2,6.28,6.35,6.2,1422
1220479200,6.24,6.35,6.35,6.24,524
1220565600,6.4,6.4,6.4,6.4,10
1220824800,0,6.4,6.4,6.4,0
1220911200,6.2,6.2,6.23,6.2,3950
1220997600,6.06,6.19,6.19,6,537
1221084000,0,6.19,6.19,6.19,0
1221170400,6.4,6.4,6.4,6.4,1
1221429600,6,6.3,6.3,6,2856
1221516000,6,5.7,6,5.7,4335
1221602400,5.6,5.75,5.75,5.55,1701
1221688800,5.45,5.69,5.69,5.2,3602
1221775200,5.77,5.77,5.77,5.5,292
1222034400,5.98,5.98,5.98,5.98,101
1222120800,5.96,5.96,5.96,5.96,59
1222207200,5.65,5.94,5.94,5.65,801
1222293600,5.98,5.98,5.98,5.7,95
1222380000,0,5.98,5.98,5.98,0
1222639200,5.7,6,6,5.4,8145
1222725600,5.8,5.8,5.8,5.8,1
1222812000,5.4,5.89,5.89,5.4,201
1222898400,0,5.89,5.89,5.89,0
1222984800,5.65,5.65,5.65,5.65,1500
1223244000,5.2,5.4,5.4,5.09,3150
1223330400,5.15,5.19,5.19,4.98,3093
1223416800,0,5.19,5.19,5.19,0
1223503200,5.34,5.34,5.34,5.34,10
1223589600,5.2,5.2,5.2,4.54,168
1223848800,5.4,5.4,5.4,5.4,50
1223935200,5.21,5.75,5.84,5.21,239
1224021600,5.3,5.75,5.75,5.3,550
1224108000,5.2,5.2,5.2,5.2,144
1224194400,5.7,5.69,5.7,5,600
1224453600,5.69,5.69,5.85,5.4,482
1224540000,5.8,5.8,5.8,5.8,50
1224626400,5.95,5.45,5.95,5.45,2040
1224712800,5.63,5.63,5.63,5.63,10
1224799200,5.62,5.69,5.7,5.2,790
1225062000,5.69,5.79,5.79,5.69,61
1225148400,5.79,5.89,5.89,5.79,130
1225234800,5.45,5.89,5.89,5.45,823
1225321200,5.89,5.89,5.89,5.89,10
1225407600,5.8,5.89,5.89,5.8,108
1225666800,5.89,5.89,5.89,5.89,31
1225753200,0,5.89,5.89,5.89,0
1225839600,5.51,5.7,5.7,5.51,348
1225926000,5.7,5.7,5.7,5.3,263
1226012400,5.89,5.89,5.89,5.89,20
1226271600,0,5.89,5.89,5.89,0
1226444400,5.45,5.89,5.89,5.45,240
1226530800,5.89,5.89,5.89,5.89,35
1226617200,0,5.89,5.89,5.89,0
1226876400,5.5,5.5,5.5,5.5,50
1226962800,0,5.5,5.5,5.5,0
1227049200,5.5,5.5,5.5,5.5,10
1227135600,5.5,5.5,5.5,5.5,10
1227222000,5.1,5.5,5.5,5.1,640
1227481200,5.5,5.5,5.5,4.94,74
1227567600,5.49,5.49,5.49,5.49,10
1227654000,5,5.49,5.49,5,31
1227740400,0,5.49,5.49,5.49,0
1227826800,0,5.49,5.49,5.49,0
1228086000,5.59,5.59,5.59,5.59,10
1228172400,0,5.59,5.59,5.59,0
1228258800,0,5.59,5.59,5.59,0
1228345200,0,5.59,5.59,5.59,0
1228431600,0,5.59,5.59,5.59,0
1228690800,0,5.59,5.59,5.59,0
1228777200,0,5.59,5.59,5.59,0
1228863600,5.3,5.83,5.83,5.05,290
1228950000,0,5.83,5.83,5.83,0
1229036400,5.4,5.5,5.5,5.4,1190
1229295600,5.68,5.68,5.68,5.68,1
1229382000,5.94,5.9,5.94,5.5,1501
1229468400,5.94,6.48,6.48,5.94,90
1229554800,5.95,5.95,5.95,5.95,510
1229641200,0,5.95,5.95,5.95,0
1229900400,0,5.95,5.95,5.95,0
1229986800,0,5.95,5.95,5.95,0
1230505200,5.5,5.75,5.75,5.4,1612
1230591600,5.75,5.74,5.75,5.25,13810
1230678000,5.5,5.5,5.65,5.27,14991
1231110000,5.75,5.75,5.75,5.75,2
1231196400,5.27,5.5,5.5,5.27,210
1231282800,5.5,5.6,5.6,5.32,2220
1231369200,0,5.6,5.6,5.6,0
1231455600,5.27,5.59,5.59,5.27,181
1231714800,0,5.59,5.59,5.59,0
1231801200,5.5,5.5,5.5,5.5,1001
1231887600,5.5,5.38,5.5,5.37,1514
1231974000,5.5,5.4,5.5,5.25,1244
1232060400,5.5,5.44,5.5,5.22,615
1232319600,5.5,5.5,5.5,5.5,2
1232406000,5.5,5.5,5.5,5.5,1
1232492400,5.5,5.5,5.5,5.5,6
1232578800,5.5,5.49,5.5,5.49,2
1232665200,5.49,5.48,5.49,5.05,60
1232924400,5.48,5.48,5.48,5.48,5
1233010800,0,5.48,5.48,5.48,0
1233097200,5.46,5.46,5.46,5.46,2
1233183600,5.47,5.47,5.47,5.47,5
1233270000,5.47,5.47,5.47,5.47,1
1233529200,5.47,5.47,5.47,5.34,1506
1233615600,5.47,5.47,5.47,5.47,5
1233702000,5.19,5.4,5.4,5.19,131
1233788400,5.4,5.4,5.48,5.4,4074
1233874800,5.53,5.27,5.53,5.27,1505
1234134000,5.4,5.4,5.4,5.4,5
1234220400,5.15,5.42,5.42,5.1,1950
1234306800,5.1,5.01,5.15,5,3321
1234393200,4.91,4.91,4.91,4.91,2160
1234479600,4.86,5.15,5.15,4.86,649
1234738800,5.05,5.26,5.26,5.05,120
1234825200,5.05,5.01,5.05,5.01,300
1234911600,5.05,5.12,5.12,5.05,221
1234998000,5.24,5.24,5.24,5.24,5
1235084400,0,5.24,5.24,5.24,0
1235343600,5.37,5.37,5.37,5.37,5
1235430000,5.24,5.24,5.24,5.24,1500
1235516400,5.1,5.37,5.37,5.1,70
1235602800,5.1,5.1,5.1,5,2311
1235689200,4.95,5.04,5.05,4.87,2104
1235948400,4.95,4.95,5.01,4.95,450
1236034800,0,4.95,4.95,4.95,0
1236121200,0,4.95,4.95,4.95,0
1236207600,4.86,4.87,5.02,4.86,502
1236294000,4.99,5.19,5.19,4.99,6363
1236553200,5.08,5.14,5.2,5.05,4020
1236639600,5.1,5.16,5.24,5.1,1401
1236726000,5.04,5.15,5.15,5,2175
1236812400,5.04,5.17,5.17,4.9,2572
1236898800,5.15,5.19,5.2,4.95,4110
1237158000,0,5.19,5.19,5.19,0
1237244400,4.99,4.99,4.99,4.99,200
1237330800,5.01,5.01,5.02,5.01,500
1237417200,4.95,5.13,5.13,4.94,405
1237503600,4.9,4.9,4.9,4.9,200
1237762800,4.9,5.09,5.09,4.82,1712
1237849200,5.1,5,5.1,5,3000
1237935600,4.9,5.1,5.1,4.9,9
1238022000,5.59,4.91,5.59,4.91,801
1238108400,5.19,5.18,5.19,4.94,804
1238364000,5.18,5.18,5.18,5,6998
1238450400,5.18,5.17,5.18,5.17,2
1238536800,5.17,5.15,5.17,4.8,760
1238623200,5.21,5.01,5.21,4.9,12641
1238709600,5.28,5.19,5.28,5,1043
1238968800,5.2,5.04,5.21,4.95,22387
1239055200,5,5.08,5.08,4.95,5793
1239141600,5.11,5.3,5.33,5.1,18297
1239228000,5.49,5.34,5.49,5.3,3428
1239660000,5.3,5.4,5.55,5.3,17715
1239746400,5.35,5.31,5.35,5.1,4444
1239832800,5.33,5.34,5.56,5.33,29246
1239919200,5.39,5.22,5.39,5.21,6621
1240178400,5.3,5.35,5.35,5.1,20405
1240264800,5.35,5.4,5.4,5.35,16657
1240351200,5.59,5.3,5.59,5.3,8431
1240437600,5.48,5.4,5.49,5.4,1100
1240524000,5.3,5.51,5.51,5.3,22989
1240783200,5.75,5.9,5.9,5.4,3100
1240869600,5.9,5.88,5.9,5.79,2423
1240956000,6.15,6,6.15,5.52,3727
1241042400,6,6.39,6.45,6,7920
1241388000,6.5,6.1,6.79,6.1,3255
1241474400,6.11,6.45,6.64,6.1,41142
1241560800,6.64,7.03,7.3,6.57,37265
1241647200,7.2,7.05,7.2,7,24180
1241733600,7.02,7.09,7.09,6.93,10845
1241992800,7.1,7.04,7.19,7.04,7814
1242079200,6.9,7.15,7.15,6.9,6370
1242165600,7.45,6.95,7.45,6.95,7787
1242252000,6.91,6.99,6.99,6.91,350
1242338400,6.85,7.69,8.38,6.83,31736
1242597600,7.97,7.75,7.98,7.51,10595
1242684000,7.89,7.6,7.89,7.6,7153
1242770400,7.6,7.55,7.6,7.55,7562
1242856800,7.46,7.45,7.55,7.3,2583
1242943200,7.35,7.35,7.35,7.3,1850
1243202400,7.3,7.2,7.3,7.2,1007
1243288800,7.3,7.29,7.3,7.15,2116
1243375200,7.15,7.29,7.29,7.15,300
1243461600,7.15,7.45,7.47,7.15,4472
1243548000,7.32,7.29,7.32,7.29,368
1243807200,7.35,7.2,7.35,7.2,4469
1243893600,7.16,7.55,7.55,7.16,2074
1243980000,7.67,7.67,7.67,7.17,2501
1244066400,7.49,7.5,7.5,7.49,975
1244152800,7.34,7.49,7.49,7.34,324
1244412000,7.35,7.15,7.35,7.15,900
1244498400,7.32,7.23,7.4,7.23,3485
1244584800,7.24,7.28,7.28,7.24,213
1244757600,7.24,7.44,7.44,7.24,254
1245016800,7.45,7.28,7.49,7.28,1253
1245103200,7.23,7.25,7.26,7.23,2092
1245189600,7.4,7.3,7.4,7.23,1919
1245276000,7.3,7.3,7.3,7.2,965
1245362400,7.16,7.16,7.16,7.16,30
1245621600,7.12,7.11,7.12,7.11,12000
1245708000,7,6.9,7,6.9,1819
1245794400,6.84,6.72,6.84,6.72,9371
1245880800,6.7,6.75,6.75,6.58,7790
1245967200,6.9,6.9,6.9,6.65,1400
1246226400,6.95,6.95,6.95,6.95,10
1246312800,6.91,6.95,6.95,6.91,600
1246399200,6.91,6.91,6.91,6.9,712
1246485600,6.95,7,7,6.95,1002
1246572000,0,7,7,7,0
1246831200,6.83,6.74,6.85,6.74,2300
1246917600,6.9,7,7,6.9,850
1247004000,6.76,6.76,6.76,6.76,90
1247090400,7.52,7.2,7.52,7.2,800
1247176800,0,7.2,7.2,7.2,0
1247436000,7.01,7.46,7.46,6.9,547
1247522400,7.46,7,7.46,7,2557
1247608800,7.4,7.1,7.4,7.02,910
1247695200,7.2,7.2,7.25,7.2,15405
1247781600,7.21,7.2,7.45,7.1,24325
1248040800,7.3,7.29,7.44,7.28,25866
1248127200,7.3,7.4,7.43,7.3,33958
1248213600,7.3,7.39,7.41,7.27,3150
1248300000,7.3,7.28,7.38,7.27,16922
1248386400,7.38,7.85,7.98,7.38,25605
1248645600,7.97,8,8,7.82,10898
1248732000,8.2,8.08,8.2,8.06,11688
1248818400,8.05,8.17,8.17,8.02,1845
1248904800,7.8,8.15,8.2,7.8,8278
1248991200,8.04,8.13,8.18,7.96,3621
1249250400,8.5,8.3,8.64,8.04,5861
1249336800,8.3,8.38,8.38,8.1,5589
1249423200,8.42,8.12,8.42,8.12,913
1249509600,8,8.28,8.28,8,607
1249596000,8.29,8.3,8.3,8.04,3304
1249855200,8.06,8.39,8.39,8.05,714
1249941600,8.38,8.5,8.6,8.38,7885
1250028000,8.38,8.38,8.38,8.38,10
1250114400,8.45,8.24,8.46,8.17,7832
1250200800,8.37,8,8.37,7.85,6140
1250460000,7.95,7.63,7.95,7.52,7611
1250546400,7.52,7.68,7.68,7.42,4024
1250632800,7.68,7.6,7.68,7.4,7051
1250719200,7.6,7.8,7.87,7.6,2477
1250805600,7.87,8.08,8.16,7.85,3843
1251064800,8.2,8.18,8.2,7.9,1429
1251151200,8.15,8.12,8.15,8.09,1591
1251237600,8.15,8.17,8.19,8,3197
1251324000,8.14,8.18,8.19,7.9,1359
1251410400,8.22,8.7,8.79,8.22,25345
1251669600,8.6,8.64,8.68,8.58,4948
1251756000,8.2,8.6,8.67,8.2,14283
1251842400,8.4,8.5,8.5,8.4,3137
1251928800,8.55,8.88,8.88,8.55,6215
1252015200,8.9,9.1,9.15,8.81,5574
1252274400,9.06,9.1,9.4,9.06,5914
1252360800,9.23,8.99,9.23,8.9,2752
1252447200,8.99,8.98,8.99,8.65,1118
1252533600,8.97,9.05,9.1,8.77,6301
1252620000,9.1,9.05,9.1,8.7,1057
1252879200,8.98,8.9,8.98,8.5,3137
1252965600,8.7,8.89,8.9,8.7,506
1253052000,8.9,8.89,8.9,8.75,580
1253138400,8.89,8.89,8.89,8.75,1541
1253224800,8.89,8.89,8.89,8.49,520
1253484000,8.71,8.84,8.84,8.68,311
1253570400,8.84,9.4,9.4,8.82,2462
1253656800,9.28,9.3,9.4,8.62,4332
1253743200,9.29,9.37,9.37,9.2,5294
1253829600,9.37,9.36,9.37,9.15,2216
1254088800,8.72,9.3,9.3,8.72,1458
1254175200,9.24,9.3,9.3,8.95,1187
1254261600,9,9.3,9.3,9,2245
1254348000,9.3,9.3,9.3,9.3,54
1254434400,0,9.3,9.3,9.3,0
1254693600,9.1,8.9,9.23,8.9,3135
1254780000,9,9.23,9.24,9,695
1254866400,9.01,8.99,9.01,8.9,1941
1254952800,9.14,9.06,9.14,8.9,1176
1255039200,9.14,9.11,9.14,9,106
1255298400,9.18,9,9.18,9,1661
1255384800,8.79,9.13,9.14,8.73,12999
1255471200,8.71,9.18,9.18,8.71,1097
1255557600,9.18,9.18,9.2,9.03,707
1255644000,9.18,9.16,9.18,9.16,505
1255903200,9.1,9.1,9.1,9.1,1000
1255989600,9.1,9.15,9.16,9.1,3028
1256076000,9.1,9.15,9.15,9.09,2151
1256162400,9.18,9.17,9.18,9.17,211
1256248800,9.17,9.1,9.2,9.1,1992
1256511600,9.07,9.19,9.2,9.07,797
1256598000,9.2,9.18,9.2,9.1,6092
1256684400,8.98,9.2,9.2,8.98,3083
1256770800,9,9.2,9.2,8.9,7462
1256857200,9.2,9.2,9.2,9,2500
1257116400,8.95,9.25,9.42,8.95,20980
1257202800,9.25,9.25,9.25,9.25,8554
1257289200,9.14,9.25,9.25,9.14,2425
1257375600,9.25,9.25,9.25,9.25,4561
1257462000,9.25,9.22,9.25,9.22,7895
1257721200,9.5,9.39,9.5,9.39,414
1257807600,9.4,9.39,9.4,9.39,1373
1257980400,9.49,9.35,9.49,9.2,1589
1258066800,9.28,9.27,9.28,9.24,5262
1258326000,9.5,9.59,9.69,9.5,673
1258412400,9.6,9.6,9.6,9.56,19971
1258498800,9.6,9.6,9.6,9.5,2185
1258585200,9.5,9.54,9.58,9.4,765
1258671600,9.5,9.47,9.5,8.65,5152
1258930800,9.46,9.45,9.46,9.2,444
1259017200,9.44,9.01,9.44,8.96,3326
1259103600,8.57,9,9,8.57,11202
1259190000,8.8,9.19,9.19,8.8,7632
1259276400,9.22,9.22,9.22,8.76,2236
1259535600,9.22,9.25,9.34,9.22,1554
1259622000,9.25,9.25,9.25,9.2,52181
1259708400,9.25,9.11,9.28,9.1,3358
1259794800,9.15,9.15,9.15,9,531
1259881200,9.09,9.14,9.14,8.96,726
1260140400,9.06,9.31,9.5,9.06,2801
1260226800,9.28,9.23,9.28,8.96,2394
1260313200,9.17,9.07,9.17,8.94,15683
1260399600,9.07,9.24,9.25,8.89,1448
1260486000,9.24,9.28,9.31,8.9,9471
1260745200,9.29,9.48,9.48,9.02,5422
1260831600,9.35,9.35,9.35,9.35,250
1260918000,9.36,9.45,9.45,9.3,1437
1261004400,9.48,9.95,9.97,9.48,5495
1261090800,9.95,10.19,10.19,9.95,1948
1261350000,9.85,10.4,10.4,9.7,2973
1261436400,10,10.29,10.4,9.94,11700
1261522800,10.29,10.29,10.29,10,900
1261954800,10.01,10.39,10.4,10.01,2941
1262041200,10.39,10.1,10.39,10.03,5119
1262127600,10.06,10.5,10.5,10.06,3462
1262214000,10.15,10.4,10.5,10.15,837
1262559600,10.7,10.21,11.2,10.21,1250
1262646000,10.2,10.99,10.99,10.2,5488
1262732400,11,10.97,11.1,10.97,2321
1262818800,10.95,10.95,11,10.95,3130
1262905200,10.7,11,11.57,10.7,4806
1263164400,10.91,11.37,11.37,10.9,1916
1263250800,11.19,11.19,11.19,11.19,321
1263337200,10.92,11.19,11.19,10.92,244
1263423600,11.24,11,11.24,11,385
1263510000,11,11,11.23,11,1100
1263769200,10.92,11.19,11.19,10.92,382
1263855600,11.2,11.23,11.23,10.96,651
1263942000,11.24,11.5,11.55,11,2982
1264028400,11.49,11.2,11.49,11.2,452
1264114800,11,11.44,11.44,10.6,3458
1264374000,11.5,11.48,11.5,11.2,891
1264460400,11.2,11.5,11.5,11.2,959
1264546800,11.5,11.5,11.5,11.2,600
1264633200,11.57,11.57,11.57,11.5,1840
1264719600,11.57,11.9,11.9,11.5,1571
1264978800,11.9,11.95,11.95,11.9,3444
1265065200,11.95,12,12,11.95,1322
1265151600,12,12.45,12.45,12,2222
1265238000,12.5,12.01,12.59,12.01,2634
1265324400,12.01,12.9,12.9,12.01,5948
1265583600,12.8,12.5,12.8,12.42,2714
1265670000,12.7,12.5,12.75,12.45,935
1265756400,12.46,12.4,12.46,12.05,1965
1265842800,12.6,12.6,12.6,12.6,12
1265929200,12.8,12.55,12.8,12.5,1465
1266188400,13,13,13.2,13,806
1266274800,12.9,13,13.24,12.9,2479
1266361200,13,13,13.19,13,2426
1266447600,12.94,13.05,13.05,12.94,210
1266534000,13.1,13.2,13.2,13,1242
1266793200,13.2,13.89,13.89,13.2,1475
1266879600,13.8,13.5,13.8,13.35,1062
1266966000,13.2,13.5,13.5,13.02,274
1267052400,13.5,13.05,13.5,13.05,517
1267138800,13,13.05,13.37,13,3227
1267398000,13.4,14,14.29,13.4,9691
1267484400,14.01,14.94,14.94,14.01,13384
1267570800,14.9,14.92,14.93,14.8,1420
1267657200,14.94,14.95,14.98,14.9,4245
1267743600,14.95,15.5,16,14.95,11807
1268002800,15.65,15.89,16,15.5,13160
1268089200,16.29,15.97,16.29,15.7,2699
1268175600,15.89,15.94,15.95,15.85,9037
1268262000,16,15.98,16,15.7,5814
1268348400,15.98,15.95,15.98,15.71,3660
1268607600,16,15.95,16,15.71,2644
1268694000,15.95,15.9,15.95,15.71,1477
1268780400,15.97,15.71,15.97,15.71,2010
1268866800,15.71,15.94,15.96,15.71,2071
1268953200,15.96,15.8,15.96,15.8,976
1269212400,15.45,15.8,15.8,15.4,2990
1269298800,15.95,15.79,15.95,15.5,303
1269385200,16,15.8,16,15.8,1714
1269471600,15.8,15.4,15.8,15.3,3006
1269558000,15.4,15.45,15.45,15,1540
1269813600,14.71,15.7,15.79,14.7,1600
1269900000,15.69,15.71,15.71,15.49,23670
1269986400,15.79,15.76,15.79,15.6,2329
1270072800,15.8,15.7,15.8,15.13,3735
1270504800,15.6,15.65,15.69,15.3,1416
1270591200,15.68,15.5,15.68,15.21,4772
1270677600,15.55,15.5,15.55,15.21,965
1270764000,15.49,15.5,15.59,15.2,2198
1271023200,15.5,15.5,15.5,15.06,378
1271109600,15.08,15.4,15.55,15.08,1893
1271196000,15.1,15.49,15.49,15.1,682
1271282400,15.49,15.7,15.7,15.49,11366
1271368800,15.7,15.99,15.99,15.5,2163
1271628000,15.51,16.4,16.6,15.51,5627
1271714400,16.45,17.8,17.8,16.45,5313
1271800800,17.9,17.95,18,17.9,2996
1271887200,17.95,17.9,18,17.9,455
1271973600,18,17.8,18,17.8,354
1272232800,17.9,17.5,17.9,17.35,342
1272319200,17.01,17.4,17.4,17.01,93
1272405600,17.4,16.78,17.4,16.08,3580
1272492000,16.7,17.7,18.3,16.7,1587
1272578400,17.95,17.9,17.95,17.5,368
1272924000,17.95,17.95,17.95,17.95,2775
1273010400,17.9,17.95,17.95,17.01,1770
1273096800,18.2,18.1,18.2,17.05,1647
1273183200,17.1,17,17.1,16.4,3213
1273442400,17.1,18.1,18.2,17.1,853
1273528800,18.2,17.9,18.2,17.9,1256
1273615200,17.6,17.99,18,17.6,1648
1273701600,17.99,17.99,17.99,17.9,961
1273788000,17.95,17.95,17.99,17.5,3354
1274047200,17.94,17.95,17.95,17.94,230
1274133600,17.52,17.9,18,17.5,5875
1274220000,17.9,17.72,17.9,17.72,921
1274306400,17.89,17.89,17.89,17.36,1124
1274392800,17.35,17.53,17.55,16.9,3323
1274652000,17.53,17.69,17.69,17.53,229
1274738400,17.65,17.16,17.65,17.1,467
1274824800,17.16,17.16,17.16,17.16,198
1274911200,17.16,17.15,17.16,17.15,185
1274997600,17.15,17.2,17.2,17.13,300
1275256800,17.34,17.5,17.5,17.34,1084
1275343200,17.5,17.5,17.5,17,371
1275429600,17.11,17.5,17.5,17.11,46
1275602400,17.64,17.6,17.64,17.6,505
1275861600,17.4,17.46,17.46,17.15,518
1275948000,17.47,17.2,17.47,17.01,121
1276034400,17.5,17.48,17.5,17.48,8
1276120800,17,17.45,17.46,17,448
1276207200,17.45,17.45,17.45,17.45,10
1276466400,17.43,17.3,17.43,17.3,257
1276552800,17.25,17.3,17.3,17,3433
1276639200,17.29,17.2,17.29,17.01,200
1276725600,17.4,17.2,17.4,17,442
1276812000,17.19,17.2,17.2,16.9,1946
1277071200,17.2,17.2,17.24,17.2,1418
1277157600,17.2,17.2,17.2,17.2,5
1277244000,17.2,17.45,17.45,17.19,14602
1277330400,17.45,17.45,17.45,17.45,116
1277416800,17.5,17.5,17.5,17.02,300
1277676000,17.5,17.5,17.5,17.5,10
1277762400,17.5,17.5,17.5,17.5,5
1277848800,17.45,17.49,17.49,17.1,773
1277935200,17.5,17.5,17.5,17.5,281
1278021600,17.01,17.45,17.45,17.01,3310
1278280800,17.45,17.3,17.45,17.3,91
1278367200,17.01,17.5,17.5,17.01,871
1278453600,17.5,17.6,17.6,17.4,2437
1278540000,17.7,19.2,19.47,17.7,8181
1278626400,19.5,19.7,19.9,18.9,5282
1278885600,19.7,19.5,19.7,19,759
1278972000,19,20.2,20.2,18.41,6245
1279058400,20,20.95,20.97,19.91,5136
1279144800,21,21.45,21.45,20.99,1935
1279231200,21.95,21.1,21.95,20.55,1077
1279490400,21.39,21.39,21.39,21.39,75
1279576800,21.45,22,22,21.4,1282
1279663200,22,23.72,24.2,21.85,4176
1279749600,22.8,23,23,22.8,2129
1279836000,23,23.5,24.95,22.96,5951
1280095200,24.3,23.5,24.7,23.3,1495
1280181600,23.45,23,23.45,22.7,1291
1280268000,22.35,22.7,22.77,22,1450
1280354400,22.5,23,23,21.5,2517
1280440800,23.2,23.3,23.5,22.8,423
1280700000,23.07,23.97,24,23.07,2173
1280786400,24.4,24.3,24.4,24,555
1280872800,24.5,24.98,25,23.75,2360
1280959200,25,25,25,24.97,994
1281045600,24.9,24.89,24.9,23.5,1611
1281304800,24.99,24.9,24.99,24.1,384
1281391200,23.8,24.25,24.45,23.6,443
1281477600,24,24.3,24.8,24,1041
1281564000,24,24,24,23.5,576
1281650400,23.8,23.75,23.8,21.6,1247
1281909600,23.5,23.7,23.74,22.9,552
1281996000,23.25,22.2,23.68,22.2,1320
1282082400,22.22,23.16,23.2,22.2,2250
1282168800,23.1,23.1,23.1,23.1,258
1282255200,23.29,23.29,23.29,23.29,368
1282514400,23.29,23.2,23.29,23,778
1282600800,0,23.2,23.2,23.2,0
1282687200,22.79,22.78,22.79,22.1,388
1282773600,22.79,22.79,22.79,22.79,5
1282860000,0,22.79,22.79,22.79,0
1283119200,22.83,22.1,22.83,21.9,718
1283205600,20.12,20.99,22.09,20.12,2886
1283292000,20.09,21.2,21.79,20.09,920
1283378400,21.01,22.2,22.2,21.01,3619
1283464800,22.4,22.8,23,22.4,815
1283724000,23,23.7,23.7,23,4065
1283810400,23.71,22.5,23.85,22.04,1012
1283896800,22.68,22,22.68,21.75,1837
1283983200,22.1,22.7,22.99,22.1,31
1284069600,22.98,22.8,22.98,22.3,542
1284328800,22.8,22.7,22.8,22.7,429
1284415200,22.7,22.79,22.8,22.11,1026
1284501600,22.79,23,23.01,22.79,489
1284588000,23,23,23.1,22.4,366
1284674400,22.51,23,23,22.51,250
1284933600,23,23,23,22.56,387
1285020000,22.75,23.1,23.1,22.57,720
1285106400,23.05,23.05,23.05,23.05,85
1285192800,23,23.8,23.9,22.95,3431
1285279200,23.9,23.79,23.9,23.79,636
1285538400,23.79,23.7,23.79,23.7,496
1285624800,23.7,23.7,23.7,23.7,7
1285711200,23.7,23.69,23.7,23.69,87
1285797600,23.69,23.7,23.7,23.3,180
1285884000,23.7,23.8,23.8,23.69,651
1286143200,23.8,23.8,23.9,23.8,527
1286229600,23.9,23.89,23.9,23.2,382
1286316000,23.89,23.9,23.9,22.92,90
1286402400,23.9,23.84,23.9,23.3,261
1286488800,23.9,22.44,23.9,22,4406
1286748000,22.44,21.97,22.44,21.71,829
1286834400,21.97,21.6,22,20.1,9302
1286920800,22.1,22.25,22.35,22.1,210
1287007200,22.35,22.25,22.35,22.24,603
1287093600,22.35,22.3,22.35,20.8,2682
1287352800,21.95,22.2,22.3,21.01,652
1287439200,22.2,21.64,22.2,21.16,697
1287525600,20.6,21.64,21.64,20.6,1462
1287612000,21.69,21.66,21.69,21,801
1287698400,21.9,22.15,22.5,21.55,2600
1287957600,22,21.99,22.19,21.99,1237
1288044000,22.19,21.17,22.19,20.8,1061
1288130400,21.27,21.19,21.27,21.19,102
1288216800,21,20.84,21,20.84,340
1288303200,21,21,21,20.7,1759
1288652400,20.7,20.9,21,20.7,2535
1288738800,21,21.8,21.8,20.6,2529
1288825200,21.8,22.2,23.3,21.8,4573
1288911600,22.3,22.2,22.3,22,1015
1289170800,22.3,21.89,22.3,21.4,513
1289257200,22,22.68,24,21.99,8885
1289343600,23.55,22.4,23.55,22.03,1412
1289516400,22.04,22.6,22.6,22.04,1097
1289775600,23,22.08,23,22.08,378
1289862000,22.1,22,22.2,21.7,1875
1289948400,22,21.98,22,21.32,230
1290034800,21.99,22,22,21.9,1478
1290121200,22,21.9,22,21.6,1453
1290380400,21.5,21.99,22,21.5,252
1290466800,21.3,22.3,22.5,21.3,630
1290553200,22.49,22.59,22.7,22,833
1290639600,22.59,22.6,22.7,22.59,283
1290726000,21.8,21.99,22.7,21.7,2332
1290985200,21.99,21.99,22.39,21.7,1253
1291071600,22.3,22.49,22.5,22.2,1405
1291158000,22.48,22.46,22.49,21.91,1720
1291244400,22.47,23.45,23.5,22,10330
1291330800,23.48,23.4,23.48,23.3,1080
1291590000,23.46,23.43,23.46,23.43,1272
1291676400,23.45,23.45,23.46,23.4,1489
1291762800,23.45,24.48,24.49,23.45,8372
1291849200,24.79,25.65,25.95,24.77,12261
1291935600,26.6,26.25,26.6,25.65,5278
1292194800,26.25,25.95,26.25,25.1,1067
1292281200,26.14,25.8,26.2,25.8,904
1292367600,25.8,25.6,25.8,25.1,1303
1292454000,25.3,25,25.7,24.49,4619
1292540400,24.99,24.3,24.99,23.92,2978
1292799600,24.3,23.8,24.45,23,5852
1292886000,23.8,23.79,23.8,23.02,1524
1292972400,23.9,23.8,24.15,23.3,1956
1293058800,23.92,23.92,23.93,23.23,1591
1293404400,23,23.55,23.89,23,1122
1293490800,23.89,23.89,23.89,22.81,958
1293577200,23.89,23.49,23.9,23.21,885
1293663600,23.85,23.88,23.88,23.85,6503
1293750000,0,23.88,23.88,23.88,0
1294009200,24.4,24,24.4,23.5,805
1294095600,24.15,24,24.35,23.15,4686
1294182000,23.9,23.35,23.9,23,13854
1294354800,22.8,23.1,23.17,22.51,535
1294614000,23.31,23.16,23.45,22.2,2879
1294700400,23.19,22.9,23.19,22,2402
1294786800,22.2,20.9,22.8,20.61,17513
1294873200,20.9,20.98,21,20.6,3901
1294959600,21,20.89,21,20.89,8126
1295218800,20.88,20.8,21.17,20.5,12674
1295305200,21.1,21,21.2,20.4,1852
1295391600,21,21,21,20.95,640
1295478000,20.99,21,21,20.99,3301
1295564400,20.95,20.5,20.95,20.28,2708
1295823600,20.2,20.6,20.6,20.2,69
1295910000,20.69,20.29,20.69,19.65,2810
1295996400,20.56,20.1,21,19.6,6433
1296082800,20.34,20.34,20.34,20.34,1
1296169200,20.38,20.4,20.5,20,1832
1296428400,19.8,19.6,20.28,19.15,1417
1296514800,19.6,19.77,20.19,19.3,1129
1296601200,19.2,19.75,19.79,19.01,763
1296687600,19.63,19.65,19.65,19.4,859
1296774000,19.76,20.29,20.47,19.56,3236
1297033200,20.48,19.85,20.49,19.7,11228
1297119600,19.85,20.1,20.2,19.7,3238
1297206000,20.1,19.69,20.1,19.5,2863
1297292400,19.67,19.65,19.67,19.1,1175
1297378800,19.1,18.68,19.7,18.1,2809
1297638000,18.21,19.38,19.44,18.21,2309
1297724400,19.4,19.83,19.85,19.27,1103
1297810800,19.82,19.8,19.82,19.26,683
1297897200,19.26,19.25,19.8,19.25,989
1297983600,19.01,19.82,19.82,18.2,4408
1298242800,19.85,19.87,19.89,19.15,775
1298329200,19.04,19.65,19.65,19.04,45
1298415600,19.64,19.64,19.64,19.2,175
1298502000,19.54,19.39,19.54,18.85,1152
1298588400,19.34,19.7,19.78,19.34,4255
1298847600,19.26,17.73,19.68,17.73,19453
1298934000,17.79,16.99,17.8,16.5,9886
1299020400,16.61,16.49,16.61,15.92,7792
1299106800,16.46,16.68,16.77,16.05,2648
1299193200,16.76,16.32,16.76,15.7,5608
1299452400,16.32,15.07,16.32,14.69,19910
1299538800,15.1,15.19,15.72,15.1,10949
1299625200,15.2,14.5,15.35,13.7,31575
1299711600,14.49,13.74,14.49,13.45,17268
1299798000,13.7,14.32,14.39,13.43,35244
1300057200,14.88,14.96,15,14.41,13244
1300143600,14.8,14.31,14.8,14.01,4332
1300230000,14.11,14.46,14.78,14.11,1658
1300316400,14.88,14.45,14.88,14.16,7221
1300402800,14.69,14.39,14.69,14.18,4755
1300662000,14.69,14.41,14.69,14.23,4160
1300748400,14.25,14.79,14.8,14.25,22756
1300834800,14.57,15.56,15.61,14.57,7112
1300921200,15.61,16.75,16.85,15.61,23926
1301007600,17.22,17,17.22,16.81,6837
1301263200,16.79,16.8,16.8,16.31,4018
1301349600,17.49,17.14,17.49,16.7,4168
1301436000,17.02,16.55,17.02,16.3,1940
1301522400,16.5,16.51,16.51,16.36,2084
1301608800,16.5,16,16.5,15.56,15280
1301868000,16.1,15.61,16.2,15.6,3445
1301954400,15.62,15.5,15.72,15.3,3402
1302040800,15.5,15.25,15.5,14.8,4305
1302127200,15.3,15.33,15.61,15.3,2628
1302213600,15.3,15.3,15.3,15.14,1744
1302472800,14.36,15.1,15.25,14.36,1823
1302559200,15.1,15.1,15.2,14.62,233
1302645600,15,15.2,15.3,14.8,1515
1302732000,15.99,15.5,15.99,15.1,1576
1302818400,15.5,15.18,15.5,14.89,1608
1303077600,15.15,14.89,15.15,14.81,1782
1303164000,14.81,15,15,14.8,260
1303250400,15,14.9,15,14.75,840
1303336800,15.13,14.99,15.13,14.45,969
1303768800,15.1,14.9,15.2,14.9,1341
1303855200,15.24,15,15.24,14.75,1853
1303941600,15.09,14.97,15.09,14.6,1275
1304028000,14.57,14.84,14.84,14.57,444
1304287200,14.44,14.7,14.7,14.44,688
1304460000,14.44,14.67,14.67,14.4,1425
1304546400,14.67,13.85,14.67,13.75,18186
1304632800,13.95,13.18,13.95,13.15,13202
1304892000,13.4,13.45,13.45,13.18,2468
1304978400,13.6,13.79,14.18,13.43,5900
1305064800,13.8,14.05,14.21,13.7,1475
1305151200,14.25,13.92,14.25,13.5,2589
1305237600,13.89,13.5,13.89,13.5,1143
1305496800,13.45,13.3,13.45,13.13,647
1305583200,13.5,13.79,13.79,13.3,1367
1305669600,13.76,13.29,13.76,13.21,1558
1305756000,13.3,13.3,13.3,13.22,372
1305842400,13.5,13.65,13.71,13.22,2279
1306101600,13.69,13.5,14.05,13.49,4596
1306188000,13.49,13.4,13.49,13.35,719
1306274400,13.36,13.45,13.45,13.36,408
1306360800,13.56,13.5,13.84,13.45,3238
1306447200,13.53,13.7,13.7,13.53,560
1306706400,13.7,13.51,13.7,13.49,1830
1306792800,13.69,13.41,13.69,13.38,6805
1306879200,13.45,13.38,13.46,13.38,2607
1306965600,13.4,13.39,13.4,13.21,1415
1307052000,13.29,13.39,13.39,13.29,2115
1307311200,13.39,13.23,13.39,13.23,2848
1307397600,13.23,13,13.23,13,3627
1307484000,13,12.52,13,12.32,7430
1307570400,12.52,12.41,12.52,12.41,3076
1307656800,12.4,12.18,12.4,11.85,3453
1307916000,12.38,12.2,12.38,12.2,5880
1308002400,12.25,12.35,12.35,12,5699
1308088800,12.5,12.5,12.6,12.5,651
1308175200,12.24,12.3,12.41,11.9,627
1308261600,12.3,12.3,12.3,12.3,2
1308520800,12.26,11.61,12.28,11.53,1951
1308607200,11.62,11.87,11.87,11.61,323
1308693600,11.86,11.86,11.86,11.55,2213
1308866400,11.83,11.75,11.83,11.75,50
1309125600,11.58,11.22,11.8,11.22,5033
1309212000,11.22,11.25,11.4,11.22,993
1309298400,11.22,11.4,11.4,11.22,213
1309384800,11.4,11.35,11.4,11.35,65
1309471200,11.1,11,11.3,10.88,1204
1309730400,11.05,10.8,11.05,10.66,934
1309816800,10.72,10.6,10.72,10.55,1322
1309903200,10.32,10.2,10.32,10,4485
1309989600,10.08,10.19,10.19,10.02,2795
1310076000,10.03,10.18,10.18,10.01,608
1310335200,10.15,10.18,10.18,10,1323
1310421600,10,10.15,10.15,9.85,1947
1310508000,10.04,10.4,10.4,10,8332
1310594400,10.4,12,12.15,10.4,12866
1310680800,11.94,11,11.98,10.6,8256
1310940000,11.5,10.52,11.5,10.52,3468
1311026400,10.5,10.61,10.98,10.5,3229
1311112800,10.5,10.2,10.5,10.05,12666
1311199200,10.2,10.2,10.2,10.06,1902
1311285600,10.39,10.3,10.39,10.11,620
1311544800,10.21,10.25,10.25,10.21,715
1311631200,10.19,10.18,10.19,10.05,378
1311717600,10.17,9.96,10.17,9.96,1046
1311804000,9.95,9.96,9.98,9.94,1500
1311890400,9.95,10.2,10.2,9.8,3518
1312149600,10.2,10.1,10.2,10.05,1231
1312236000,10.2,10,10.2,9.84,1111
1312322400,9.99,9.27,9.99,9.27,1341
1312408800,9.09,8.75,9.09,7.8,5794
1312495200,8.51,9.07,9.3,8.23,9478
1312754400,8.8,8.7,8.8,8.51,2222
1312840800,8.55,7.81,8.55,7.79,2210
1312927200,8,7.95,8.89,7.95,2606
1313013600,8.04,8.6,8.6,8.04,537
1313100000,8.6,9.48,10,8.6,4544
1313445600,9.49,9.49,9.49,9.48,1569
1313532000,9.48,9.5,9.5,9.48,1424
1313618400,9.51,9.25,9.95,9,3932
1313704800,8.9,9.22,9.22,8.8,456
1313964000,8.57,9,9.15,8.3,2802
1314050400,8.8,8.95,9,8.8,537
1314136800,8.83,9.16,9.16,8.83,358
1314223200,9.22,8.8,9.22,8.8,495
1314309600,8.94,8.71,8.94,8.71,160
1314568800,8.71,8.71,8.71,8.5,1293
1314655200,8.3,8.51,8.53,8.3,1376
1314741600,8.51,8.55,8.57,8.51,250
1314828000,8.37,8.08,8.37,7.8,3368
1314914400,7.78,7.3,7.92,7.3,3726
1315173600,7.3,6.7,7.3,6.7,5349
1315260000,6.87,7.36,7.36,6.87,3500
1315346400,7.44,7.13,7.44,7.13,480
1315432800,7.67,7.37,7.67,7.2,2076
1315519200,7,7.15,7.15,7,1916
1315778400,6.76,6.8,7,6.76,872
1315864800,7.2,7.2,7.2,7.2,500
1315951200,7.25,7,7.25,7,432
1316037600,7.22,7.23,7.23,7.22,102
1316124000,0,7.23,7.23,7.23,0
1316383200,6.91,6.9,7.25,6.9,488
1316469600,7,7.15,7.15,7,95
1316556000,7.35,7.4,7.4,7.15,2406
1316642400,7.3,6.85,7.3,6.85,769
1316728800,6.87,6.87,6.87,6.87,180
1316988000,6.88,7.05,7.09,6.85,1590
1317074400,7.5,7.15,7.5,7.15,205
1317160800,7.14,7.04,7.14,7.04,595
1317247200,6.85,6.85,6.85,6.85,231
1317333600,6.8,6.85,6.86,6.8,464
1317592800,6.85,6.8,6.9,6.61,301
1317679200,6.81,6.81,6.81,6.81,100
1317765600,6.99,7,7,6.8,267
1317852000,7,7.34,7.35,7,775
1317938400,7.3,7.65,7.65,7.2,946
1318197600,7.59,7.5,7.59,7.5,392
1318284000,7.67,7.67,7.67,7.67,1
1318370400,7.5,7.7,7.7,7.5,749
1318456800,7.5,7.5,7.5,7.5,1084
1318543200,7.4,7.4,7.4,7.4,200
1318802400,7.5,7.5,7.5,7.5,80
1318888800,7.4,7.37,7.4,7.23,481
1318975200,7.3,7.6,7.6,7.3,667
1319061600,7.5,7.75,7.75,7.5,1156
1319148000,7.7,7.47,7.7,7.47,1317
1319407200,7.3,7.6,7.6,7.3,120
1319493600,7.6,7.99,7.99,7.6,357
1319580000,8.13,8.05,8.2,8.05,1943
1319666400,8.2,8.2,8.2,8.05,831
1319752800,8.39,8.43,8.43,8.22,1925
1320015600,8.43,8.5,8.5,8.43,2702
1320188400,8.2,8.39,8.87,7.82,4823
1320274800,8.5,8.48,8.5,8.48,272
1320361200,8.48,8.49,8.7,8.48,737
1320620400,8.69,9.26,9.47,8.69,3128
1320706800,9.4,10.49,10.59,9.4,4282
1320793200,9.85,10.4,10.79,9.8,4849
1320879600,10.3,9.52,10.35,9.5,3013
1321225200,10,9.9,10,9.9,1410
1321311600,9.9,9.9,9.9,9.61,317
1321398000,9.9,9.6,9.9,9.6,822
1321484400,9.82,9.35,9.82,9.35,89
1321570800,9.14,9.14,9.14,8.9,817
1321830000,9.05,9.19,9.19,8.9,88
1321916400,8.9,8.9,8.9,8.9,298
1322002800,8.99,8.99,8.99,8.99,4
1322089200,8.3,8.25,8.3,8.25,1328
1322175600,7.85,7.85,8.09,7.5,1030
1322434800,8.11,8.36,8.36,8.1,1220
1322521200,8.36,8.12,8.36,8.12,11
1322607600,8.05,8.05,8.05,8.05,4
1322694000,8.06,8.2,8.2,8.06,126
1322780400,8.3,8.2,8.43,8.2,855
1323039600,8.1,8.11,8.4,8.1,139
1323126000,8.2,8.11,8.2,8.11,678
1323212400,8.2,8.2,8.2,8.11,296
1323298800,8.2,8.25,8.25,8.2,304
1323385200,8.2,8.01,8.2,8,1050
1323644400,8.01,7.9,8.06,7.9,172
1323730800,7.9,7.9,7.9,7.9,57
1323817200,8.09,8.09,8.09,8.09,18
1323903600,8.09,8.09,8.09,8.09,2
1323990000,7.7,7.88,7.88,7.47,1889
1324249200,7.5,7.6,7.6,7.5,161
1324335600,7.6,7.5,7.6,7.3,786
1324422000,7.5,7.27,7.5,7.26,166
1324508400,7.28,7.25,7.28,7.25,306
1324594800,7.05,7,7.1,7,1545
1324940400,7,7.1,7.3,7,3029
1325026800,7.09,7.09,7.09,7.09,67
1325113200,7.1,7.1,7.1,7.1,70
1325199600,7,7.33,7.33,7,371
1325458800,7.37,7.35,7.37,7.07,932
1325545200,7.4,7.7,7.7,7.39,488
1325631600,7.58,7.4,7.58,7.4,112
1325718000,7.48,7.48,7.48,7.48,4
1326063600,7.49,7.49,7.49,7.49,100
1326150000,7.45,7.45,7.45,7.45,400
1326236400,7.49,7.49,7.49,7.49,301
1326322800,7.49,7.49,7.49,7.49,175
1326409200,7.5,7.5,7.5,7.5,100
1326668400,7.5,7.5,7.5,7.5,152
1326754800,7.6,7.8,8,7.33,2605
1326841200,7.8,7.8,7.8,7.8,260
1326927600,7.8,7.8,8.01,7.8,37045
1327014000,7.98,8.08,8.08,7.98,639
1327273200,8,7.75,8,7.75,447
1327359600,7.8,7.75,7.8,7.75,590
1327446000,7.75,7.69,7.99,7.69,712
1327532400,7.65,7.7,7.7,7.6,330
1327618800,7.6,7.6,7.7,7.6,429
1327878000,7.61,7.81,7.81,7.61,252
1327964400,7.81,7.8,7.89,7.79,11227
1328050800,7.9,8.99,9,7.8,46767
1328137200,9.02,8.88,9.41,8.7,8772
1328223600,8.7,8.64,8.85,8.21,9413
1328482800,8.64,9.15,9.2,8.64,4264
1328569200,9.32,8.91,9.32,8.71,8426
1328655600,8.9,8.91,9.3,8.84,25744
1328742000,9.8,8.82,9.8,8.82,6067
1328828400,8.82,8.7,8.9,8.68,2734
1329087600,8.75,8.9,8.9,8.45,3927
1329174000,8.9,9.29,9.45,8.86,9857
1329260400,9.35,9.24,9.35,9.1,3644
1329346800,9.1,8.94,9.1,8.94,1143
1329433200,8.95,9.14,9.15,8.85,24860
1329692400,9.3,9.22,9.33,9.14,11067
1329778800,9.21,9.2,9.21,8.95,3448
1329865200,8.96,9.32,9.4,8.8,14012
1329951600,9.32,9.37,9.5,9.2,2427
1330038000,9.47,9.55,9.68,9.47,5332
1330297200,9.57,9.52,9.63,9.52,3493
1330383600,9.52,9.5,9.52,9.5,126
1330470000,9.47,8.8,9.47,8.65,7483
1330556400,8.7,8.77,8.77,8.54,1731
1330642800,8.77,8.87,8.89,8.7,798
1330902000,8.7,8.68,8.7,8.58,525
1330988400,8.65,8.29,8.65,8,3429
1331074800,8.01,8.68,8.71,8.01,3330
1331161200,8.69,8.74,8.83,8.06,2433
1331247600,8.75,8.9,8.9,8.74,3722
1331506800,8.87,8.6,8.87,8.53,175
1331593200,8.6,8.5,8.6,8.4,104
1331679600,8.5,8.45,8.5,8.32,1636
1331766000,8.79,8.7,8.8,8.55,246
1331852400,8.7,8.64,8.7,8.4,2507
1332111600,8.68,8.46,8.68,7.92,3218
1332198000,8.35,8.34,8.4,8.3,231
1332284400,8.32,8.28,8.32,8.08,674
1332370800,8.08,8.2,8.2,8.07,6281
1332457200,8.01,8.14,8.14,7.96,1606
1332712800,8.14,8.13,8.14,7.96,474
1332799200,7.96,7.97,8.15,7.96,9553
1332885600,7.97,8.13,8.13,7.97,3768
1332972000,8.13,8.35,8.35,7.98,5675
1333058400,8.2,8.39,8.39,8.2,143
1333317600,8.39,8.4,8.4,8.38,1730
1333404000,8.38,8.38,8.38,8.16,187
1333490400,8.4,8.11,8.4,8.11,725
1333576800,8.25,8.23,8.25,8,282
1334008800,8.23,7.98,8.23,7.98,173
1334095200,7.98,8.14,8.14,7.97,2735
1334181600,8.14,8.13,8.14,7.97,555
1334268000,7.97,8.23,8.23,7.97,203
1334527200,7.97,8.19,8.19,7.97,8
1334613600,8.19,8.19,8.19,8.19,60
1334700000,7.98,8.15,8.15,7.97,495
1334786400,8.07,8.14,8.14,7.97,1167
1334872800,8.19,8,8.19,7.84,4448
1335132000,7.85,7.55,7.95,7.55,239
1335218400,7.55,7.55,7.55,7.55,1
1335304800,7.55,7.75,7.75,7.55,34
1335391200,7.79,7.69,8.17,7.55,3008
1335477600,7.49,7.65,7.65,7.49,9
1335736800,7.32,7.39,7.66,7.32,1658
1335909600,7.39,7.39,7.39,7.39,102
1336082400,7.39,7.3,7.39,7.3,152
1336341600,7.3,7,7.39,6.66,3372
1336428000,7,7,7,7,3058
1336514400,7,6.8,7,6.7,2019
1336600800,6.8,6.65,6.8,6.52,816
1336687200,6.65,6.46,6.65,6.35,1916
1336946400,6.3,6.19,6.3,6,2539
1337032800,6.11,5.9,6.11,5.8,3289
1337119200,5.8,5.8,5.93,5.75,5361
1337205600,5.75,5.59,5.75,5.26,4991
1337292000,5.59,5.4,5.6,5.4,1286
1337551200,5.35,5.65,5.65,5.3,1444
1337637600,5.65,5.75,5.77,5.65,1304
1337724000,5.7,5.56,5.7,5.56,1826
1337810400,5.51,5.49,5.51,5.49,1830
1337896800,5.33,5.33,5.33,5.33,99
1338156000,5.49,5.5,5.5,5.49,704
1338242400,5.5,5.8,5.8,5.36,3431
1338328800,5.53,5.53,5.53,5.53,1000
1338415200,5.38,5.37,5.38,5.37,1373
1338501600,5.37,5.51,5.51,5.35,1298
1338760800,5.5,5.25,5.5,5.25,1305
1338847200,5.25,5.18,5.25,5.1,2020
1338933600,5.1,5.1,5.1,5.01,1360
1339106400,5.15,5.09,5.15,4.84,3059
1339365600,5.09,5.22,5.22,5.09,673
1339452000,5.2,5.12,5.2,5,2458
1339538400,5.15,4.98,5.15,4.75,2259
1339624800,4.98,4.99,4.99,4.95,722
1339711200,4.77,4.82,4.83,4.75,4594
1339970400,4.82,5.15,5.15,4.82,2968
1340056800,4.95,5.42,5.43,4.95,22957
1340143200,5.2,5.44,5.44,5.2,493
1340229600,5.44,5.75,5.75,5.44,764
1340316000,5.59,5.25,5.59,5.25,132
1340575200,5.25,4.95,5.25,4.95,5950
1340661600,4.95,5.15,5.15,4.95,309
1340748000,5.05,5,5.05,5,3001
1340834400,5.25,5,5.25,4.95,5743
1340920800,5.01,5,5.01,5,3171
1341180000,4.93,4.84,4.93,4.82,7002
1341266400,4.85,4.9,4.9,4.85,207
1341352800,4.9,4.8,4.9,4.8,1815
1341439200,4.8,4.75,4.89,4.75,2964
1341525600,4.75,4.78,4.78,4.7,2997
1341784800,4.66,4.65,4.7,4.65,3069
1341871200,4.7,4.6,4.7,4.6,935
1341957600,4.6,4.7,4.7,4.5,1381
1342044000,4.6,4.6,4.61,4.6,2500
1342130400,4.5,5.05,5.05,4.4,9009
1342389600,4.8,4.83,4.83,4.63,1185
1342476000,4.82,4.84,4.84,4.63,2395
1342562400,4.85,4.84,4.85,4.67,16
1342648800,4.61,4.84,4.84,4.61,100
1342735200,4.84,4.84,4.84,4.84,5
1342994400,4.63,4.61,4.63,4.61,3266
1343080800,4.5,4.5,4.5,4.45,4380
1343167200,4.5,4.56,4.56,4.5,750
1343253600,4.51,4.46,4.51,4.46,1105
1343340000,4.46,4.55,4.55,4.39,817
1343599200,4.45,4.5,4.5,4.45,1450
1343685600,4.41,4.44,4.44,4.3,3436
1343772000,4.4,4.5,4.5,4.4,709
1343858400,4.5,4.5,4.5,4.37,2252
1343944800,4.4,4.55,4.55,4.4,1050
1344204000,0,4.55,4.55,4.55,0
1344290400,4.45,4.6,4.6,4.45,65
1344376800,0,4.6,4.6,4.6,0
1344463200,0,4.6,4.6,4.6,0
1344549600,4.5,4.58,4.58,4.5,721
1344808800,4.55,4.58,4.58,4.55,358
1344895200,4.7,4.92,4.92,4.7,3075
1345068000,5,5.07,5.07,4.99,3657
1345154400,5.07,5.02,5.07,4.85,573
1345413600,5.06,4.92,5.06,4.9,1622
1345500000,4.92,4.91,4.92,4.87,269
1345586400,4.9,4.9,4.9,4.9,1
1345672800,4.98,4.65,4.98,4.65,1140
1345759200,4.7,4.7,4.7,4.7,1
1346018400,4.69,4.8,4.8,4.65,603
1346104800,4.65,4.8,4.8,4.65,459
1346191200,4.8,4.81,4.81,4.66,606
1346277600,4.65,4.65,4.66,4.65,2837
1346364000,4.83,4.83,4.83,4.83,4
1346623200,4.83,4.83,4.83,4.83,90
1346709600,4.83,4.83,4.83,4.83,4
1346796000,4.7,4.85,4.85,4.7,7
1346882400,4.8,4.8,4.8,4.8,195
1346968800,4.8,4.8,4.8,4.8,20
1347228000,0,4.8,4.8,4.8,0
1347314400,4.81,4.85,4.85,4.62,2474
1347400800,4.9,4.9,4.99,4.9,3545
1347487200,4.9,4.9,4.9,4.9,155
1347573600,4.9,4.99,4.99,4.81,3954
1347832800,5,5.21,5.35,5,5440
1347919200,5.35,5.9,5.9,5.35,3856
1348005600,5.71,6.47,6.48,5.7,3464
1348092000,6.44,6.45,6.45,6.15,954
1348178400,6.45,6.3,6.45,6.18,640
1348437600,6.42,6.4,6.42,6.18,248
1348524000,6.41,6.41,6.41,6.41,100
1348610400,6.4,6,6.4,6,1542
1348696800,6.05,6.05,6.05,5.41,13439
1348783200,6,6,6,6,10
1349042400,6,5.83,6,5.83,630
1349128800,5.9,6.18,6.18,5.9,3259
1349215200,6.18,6.18,6.18,6.18,50
1349301600,6.18,6.25,6.25,6.18,161
1349388000,6.28,6.01,6.28,6.01,431
1349647200,6.01,6.1,6.28,6.01,631
1349733600,6,5.99,6,5.99,1400
1349820000,5.99,5.99,6,5.99,1160
1349906400,5.99,5.99,5.99,5.99,180
1349992800,5.99,6.19,6.19,5.99,1651
1350252000,6.28,6.28,6.28,6.28,5
1350338400,6.28,6.28,6.28,6.01,140
1350424800,6.28,6.2,6.28,6.2,2
1350511200,6.24,6.24,6.24,6.24,5
1350597600,6.1,5.99,6.1,5.99,35
1350856800,5.9,5.61,5.9,5.6,2385
1350943200,5.65,5.75,5.75,5.65,793
1351029600,5.78,5.78,5.78,5.78,4
1351116000,5.75,5.65,5.75,5.65,1156
1351202400,5.65,5.65,5.65,5.65,4
1351465200,5.65,5.65,5.65,5.65,13345
1351551600,5.78,5.79,5.79,5.78,2
1351638000,5.79,5.95,5.95,5.79,2557
1351810800,5.95,6,6,5.95,510
1352070000,6.19,6.19,6.19,6.19,410
1352156400,6.19,6.19,6.19,6.19,44
1352242800,6.19,6.19,6.19,6.19,1
1352329200,6.14,6.09,6.14,6.01,229
1352415600,6,6,6,6,15
1352674800,6.09,6.15,6.15,5.95,486
1352761200,6.1,6.1,6.1,6.1,85
1352847600,6,6,6,6,1645
1352934000,5.95,6.09,6.09,5.94,355
1353020400,6.05,6.05,6.05,6.05,82
1353279600,6.19,6.19,6.19,6.18,550
1353366000,6.15,6.19,6.19,6.15,315
1353452400,6.1,6.1,6.1,6.1,248
1353538800,6.09,5.92,6.09,5.92,69
1353625200,6.09,6.09,6.09,6.09,5
1353884400,5.93,6,6,5.93,350
1353970800,5.95,5.95,5.95,5.95,53
1354057200,5.8,5.95,5.95,5.8,254
1354143600,5.7,5.94,5.94,5.7,360
1354230000,5.94,5.94,5.94,5.94,93
1354489200,5.95,5.95,5.95,5.95,350
1354575600,5.95,5.85,5.95,5.85,62
1354662000,5.9,5.85,5.9,5.75,3000
1354748400,5.9,5.9,5.9,5.9,10
1354834800,5.9,5.55,5.9,5.55,1805
1355094000,5.55,5.65,5.65,5.45,1604
1355180400,5.7,5.7,5.7,5.47,894
1355266800,5.7,5.33,5.7,5.33,4393
1355353200,5.36,5.6,5.6,5.36,1220
1355439600,5.59,5.59,5.59,5.59,78
1355698800,5.55,5.54,5.55,5.4,1093
1355785200,5.54,5.46,5.54,5.46,221
1355871600,5.4,5.5,5.5,5.25,1226
1355958000,5.49,5.3,5.49,5.1,1680
1356044400,5.15,5.3,5.3,5.11,310
1356562800,0,5.3,5.3,5.3,0
1356649200,5.21,5.21,5.21,5.1,872
1357081200,5.17,5.35,5.35,5.17,643
1357167600,5.35,5.35,5.35,5.35,231
1357254000,5.37,5.37,5.37,5.37,153
1357513200,5.37,5.37,5.37,5.37,2
1357599600,5.37,5.37,5.37,5.37,1988
1357686000,5.38,5.26,5.38,5.26,254
1357772400,5.26,5.26,5.26,5.25,1184
1357858800,5.35,5.35,5.35,5.25,48
1358118000,5.35,5.35,5.35,5.27,857
1358204400,5.35,5.36,5.36,5.27,3435
1358290800,5.36,5.46,5.46,5.36,2028
1358377200,5.46,5.59,5.59,5.4,742
1358463600,5.59,5.59,5.59,5.5,2180
1358722800,5.59,5.58,5.59,5.58,1770
1358809200,5.58,5.6,5.6,5.58,1097
1358895600,5.6,5.62,5.62,5.6,234
1358982000,5.57,5.66,5.66,5.49,999
1359068400,5.66,5.66,5.66,5.66,166
1359327600,5.69,5.69,5.69,5.69,26
1359414000,0,5.69,5.69,5.69,0
1359500400,5.55,5.64,5.64,5.55,483
1359586800,5.49,5.58,5.58,5.47,1236
1359673200,5.67,5.67,5.67,5.67,50
1359932400,5.67,5.67,5.67,5.5,46
1360018800,5.67,5.6,5.67,5.6,6
1360105200,5.67,5.62,5.67,5.59,120
1360191600,5.62,5.62,5.62,5.62,134
1360278000,5.67,5.67,5.67,5.67,3
1360537200,5.65,5.65,5.65,5.65,274
1360623600,5.44,5.64,5.64,5.44,35
1360710000,5.65,5.65,5.65,5.65,5
1360796400,5.49,5.5,5.5,5.48,780
1360882800,5.45,5.59,5.59,5.45,205
1361142000,5.59,5.58,5.59,5.57,580
1361228400,5.58,5.58,5.58,5.41,440
1361314800,5.59,5.54,5.59,5.41,219
1361401200,5.54,5.5,5.54,5.41,412
1361487600,5.5,5.5,5.5,5.5,34
1361746800,5.5,5.5,5.5,5.5,5
1361833200,5.5,5.3,5.5,5.24,753
1361919600,5.3,5.35,5.35,5.27,721
1362006000,5.35,5.69,5.85,5.35,18430
1362092400,5.52,5.86,5.86,5.52,10763
1362351600,5.85,5.86,5.88,5.75,8844
1362438000,5.88,5.88,5.88,5.75,421
1362524400,5.88,6,6,5.88,9875
1362610800,6.15,6.05,6.15,5.95,2225
1362697200,6.14,6.3,6.4,6.1,12097
1362956400,6.29,6.3,6.3,6.2,1508
1363042800,6.3,6.2,6.3,6.07,978
1363129200,6.2,6.09,6.2,6,2536
1363215600,6.09,5.85,6.09,5.85,882
1363302000,6,5.9,6,5.81,1242
1363561200,5.8,5.75,5.8,5.75,941
1363647600,5.85,5.76,5.85,5.76,512
1363734000,5.85,5.4,5.85,5.3,7430
1363820400,5.4,5.33,5.57,5.33,2386
1363906800,5.51,5.51,5.51,5.51,201
1364166000,5.57,5.05,5.57,5,19110
1364252400,5.05,5.01,5.13,5,3110
1364338800,5.1,5.29,5.3,5.1,1959
1364425200,5.29,5.29,5.29,5.29,3
1364853600,5.29,5.14,5.29,5,14000
1364940000,5.13,5.14,5.14,5.13,4685
1365026400,5.17,5,5.19,5,1135
1365112800,5,5,5,5,5
1365372000,5,5,5,5,10
1365458400,5,5,5,5,100
1365544800,5,5,5,5,419
1365631200,5,5,5.1,5,1366
1365717600,5.01,5.01,5.03,5.01,1027
1365976800,5,5,5,5,115
1366149600,5.05,5,5.05,5,1505
1366236000,5.01,5,5.01,5,2572
1366322400,5,5.09,5.09,5,355
1366581600,5,5,5,5,1004
1366668000,5,5,5.01,5,2838
1366754400,5,5,5,5,101
1366840800,5,5.09,5.09,5,3707
1366927200,5.09,5.3,5.3,5.09,826
1367186400,5.3,5.25,5.3,5.25,1000
1367272800,5.25,5.85,5.85,5.25,6069
1367445600,5.75,5.85,5.85,5.6,1684
1367791200,5.98,6,6.19,5.98,4151
1367877600,6.02,6.11,6.15,6,16670
1367964000,6.14,6.13,6.14,6.13,2
1368050400,6.14,5.95,6.14,5.95,480
1368136800,6,5.99,6,5.88,87
1368396000,5.99,5.99,5.99,5.99,30
1368482400,5.99,5.82,5.99,5.82,1031
1368568800,6.2,6.2,6.9,6.2,14804
1368655200,6.16,6,6.23,6,3543
1368741600,6,6.19,6.19,6,1919
1369000800,6.19,6.3,6.3,6.19,505
1369087200,6.32,6.34,6.44,6.32,2650
1369173600,6.4,6.44,6.44,6.4,1909
1369260000,6.58,6.38,6.58,6.38,2186
1369346400,6.02,6.49,6.7,6.02,10044
1369605600,6.59,6.47,6.59,6.46,3373
1369692000,6.5,6.5,6.5,6.41,1539
1369778400,6.6,6.6,6.6,6.4,1044
1369951200,6.41,6.6,6.6,6.41,20
1370210400,6.6,6.6,6.6,6.6,277
1370296800,6.6,6.43,6.6,6.43,1090
1370383200,6.41,6.39,6.55,6.39,8379
1370469600,6.47,6.45,6.47,6.45,540
1370556000,6.45,6.54,6.54,6.45,320
1370815200,6.53,6.53,6.53,6.53,153
1370901600,6.45,6.45,6.45,6.45,250
1370988000,6.39,6.4,6.49,6.39,509
1371074400,6.4,6.25,6.4,6.25,1255
1371160800,6.25,6.6,6.6,6.25,56194
1371420000,6.66,6.65,6.66,6.52,497
1371506400,6.65,6.65,6.65,6.65,180
1371592800,6.65,6.65,6.65,6.64,371
1371679200,6.7,6.23,6.7,6.12,4899
1371765600,6.12,6.23,6.25,6.07,4763
1372024800,6.12,6.23,6.23,6.12,800
1372111200,6.28,6.28,6.28,6.28,175
1372197600,6.25,6.25,6.25,6.25,90
1372284000,6.25,6.25,6.25,6.1,543
1372370400,0,6.25,6.25,6.25,0
1372629600,6.06,6.26,6.26,6.06,25
1372716000,6.15,6.15,6.15,6.15,100
1372802400,6.06,6.06,6.06,6.06,294
1372888800,6.15,6.28,6.28,6.15,155
1372975200,6.28,6.3,6.3,6.28,175
1373234400,6.3,6.2,6.3,6.2,210
1373320800,6.16,6.07,6.16,6.07,530
1373407200,6.06,6.01,6.06,6.01,158
1373493600,6.06,6.06,6.06,6.06,1
1373580000,6.07,6.5,6.5,6.07,1608
1373839200,6.5,6.3,6.5,6.3,3
1373925600,6.29,6.3,6.3,6.25,213
1374012000,6.3,6.2,6.3,6.2,161
1374098400,6.2,6.3,6.3,6.2,247
1374184800,6.3,6.2,6.3,6.2,217
1374444000,6.2,6.1,6.2,6.1,854
1374530400,6,6,6,6,5
1374616800,6,6.3,6.3,6,1005
1374703200,6.25,6.25,6.25,6.25,5
1374789600,0,6.25,6.25,6.25,0
1375048800,6.25,6.08,6.25,6.08,800
1375135200,6.12,6.12,6.12,6.12,180
1375221600,0,6.12,6.12,6.12,0
1375308000,0,6.12,6.12,6.12,0
1375394400,0,6.12,6.12,6.12,0
1375653600,6.12,6.12,6.15,6.12,798
1375740000,6.14,6.04,6.14,6.04,420
1375826400,6.04,6.15,6.15,6.04,110
1375912800,6.15,6.29,6.29,6.15,1200
1375999200,6.3,6.35,6.35,6.3,600
1376258400,6.35,6.3,6.45,6.3,1917
1376344800,6.35,6.55,6.63,6.35,4048
1376431200,6.55,6.69,6.69,6.55,693
1376604000,6.7,6.7,6.7,6.7,941
1376863200,6.74,6.64,6.74,6.64,1751
1376949600,6.47,6.47,6.47,6.47,3
1377036000,6.32,6.41,6.41,6.3,637
1377122400,6.7,6.7,6.74,6.69,1402
1377208800,6.74,6.74,6.74,6.6,1394
1377468000,6.88,6.85,6.88,6.85,226
1377554400,6.85,6.75,6.88,6.75,992
1377640800,6.75,6.6,6.75,6.54,565
1377727200,6.88,7.1,7.4,6.88,9090
1377813600,7.38,7.6,7.7,7.38,14108
1378072800,7.99,7.94,8.06,7.8,5050
1378159200,7.88,8,8,7.8,4792
1378245600,7.95,7.65,8.1,7.65,4840
1378332000,7.6,7.59,7.6,6.9,13265
1378418400,7.65,7.83,7.83,7.65,687
1378677600,7.83,7.85,7.85,7.83,1911
1378764000,7.9,7.95,7.95,7.9,1886
1378850400,7.95,7.8,7.95,7.8,3
1378936800,7.75,7.8,7.95,7.75,2284
1379023200,7.75,7.65,7.75,7.65,446
1379282400,7.73,7.73,7.73,7.73,60
1379368800,7.8,7.8,7.8,7.8,250
1379455200,7.89,7.89,7.89,7.89,205
1379541600,7.9,7.6,7.95,7.6,2560
1379628000,7.6,7.89,7.94,7.5,2070
1379887200,7.85,7.85,7.85,7.85,30
1379973600,7.95,7.95,7.95,7.95,5
1380060000,8.05,8.01,8.05,8.01,226
1380146400,8.05,8.4,8.5,8.05,5434
1380232800,8.5,8.6,8.6,8.5,709
1380492000,8.65,8.4,8.86,8.24,3647
1380578400,8.4,8.4,8.4,8.25,909
1380664800,8.4,8.2,8.4,8.2,750
1380751200,8.4,8.24,8.4,8.24,816
1380837600,8.4,8.83,8.83,8.4,20419
1381096800,8.9,8.89,8.9,8.6,1324
1381183200,8.6,8.87,8.89,8.6,4165
1381269600,8.61,8.8,8.8,8.6,1856
1381356000,8.6,9.01,9.3,8.6,6881
1381442400,9.1,9.35,9.55,9.1,10295
1381701600,9.35,9.45,9.47,9.26,11734
1381788000,9.35,9,9.45,9,2566
1381874400,9,9.28,9.35,8.82,3437
1381960800,9.44,9.6,9.7,9.3,10275
1382047200,9.74,10.05,10.05,9.74,7154
1382306400,10.5,10.25,10.5,10.05,3480
1382392800,10.65,10.24,10.65,9.91,4787
1382479200,10.1,10.18,10.18,9.91,727
1382565600,9.91,10,10,9.77,1516
1382652000,10,9.77,10,9.77,1160
1382914800,9.77,10.1,10.11,9.77,3428
1383001200,10.11,10.3,10.37,9.58,16499
1383087600,10.57,10.05,10.57,10.05,4726
1383174000,10.05,10.04,10.1,10,1448
1383519600,10.1,10.04,10.1,9.82,1040
1383606000,10.04,9.79,10.04,9.79,1910
1383692400,9.8,9.65,9.8,9.6,2825
1383778800,9.7,9.62,9.7,9.62,284
1383865200,9.4,9.4,9.5,9.4,2154
1384210800,9.65,9.55,9.65,9.29,1196
1384297200,9.5,9,9.5,9,1089
1384383600,8.58,8.45,8.8,8.3,11197
1384470000,8.45,8.82,8.95,8.3,5845
1384729200,8.75,9.5,9.6,8.75,7032
1384815600,9.5,9.25,9.5,9.25,891
1384902000,9.5,9.42,9.5,9.2,661
1384988400,9.45,9.45,9.45,9.45,656
1385074800,9.45,9.32,9.45,9.32,510
1385334000,9.1,9.15,9.15,8.48,3445
1385420400,9.05,9.05,9.05,8.8,1592
1385506800,9.05,9.6,9.65,9.05,2013
1385593200,9.02,9.55,9.72,9.02,2715
1385679600,9.55,9.5,9.55,9.5,720
1385938800,9.48,9.48,9.48,9.48,10
1386025200,9.48,8.89,9.48,8.58,3769
1386111600,8.89,8.61,8.89,8.61,473
1386198000,8.61,8.7,8.7,8.61,697
1386284400,8.7,9.4,9.4,8.7,6598
1386543600,9.38,9.37,9.38,9.12,566
1386630000,9.4,9.21,9.55,9.2,5668
1386716400,9.05,9.2,9.5,9.05,7114
1386802800,9.2,9.16,9.2,8.94,1014
1386889200,8.97,8.97,8.97,8.97,7
1387148400,9.19,9.19,9.3,9.19,992
1387234800,9.32,8.96,9.32,8.96,62
1387321200,9,9,9,9,5
1387407600,9,9.1,9.5,8.85,2150
1387494000,8.99,9,9,8.78,628
1387753200,8.75,8.75,8.75,8.75,100
1388098800,8.9,8.9,8.95,8.9,111
1388358000,8.75,9.1,9.1,8.75,438
1388617200,9.1,8.91,9.1,8.72,4022
1388703600,8.91,8.8,8.91,8.8,101
1389049200,8.79,8.78,8.79,8.16,6198
1389135600,8.78,8.8,8.8,8.51,3968
1389222000,8.85,8.98,9,8.85,7405
1389308400,8.8,8.99,9.05,8.8,6034
1389567600,9.05,9.06,9.07,9.05,294
1389654000,8.8,8.89,8.89,8.79,512
1389740400,8.89,8.59,8.9,8.58,1750
1389826800,8.59,9,9,8.59,2590
1389913200,8.85,9,9,8.85,216
1390172400,8.82,8.82,8.82,8.65,1769
1390258800,8.82,8.61,8.82,8.61,1151
1390345200,8.62,8.67,8.67,8.62,110
1390431600,8.62,8.92,8.92,8.62,631
1390518000,8.92,8.69,8.92,8.62,301
1390777200,8.63,8.53,8.8,8.53,1569
1390863600,8.51,8.45,8.51,8.45,10
1390950000,8.7,8.55,8.7,8.55,210
1391036400,8.46,8.54,8.6,8.46,303
1391122800,8.54,8.76,8.76,8.54,6
1391382000,8.76,8.76,8.76,8.76,400
1391468400,8.51,8.51,8.51,8.51,87
1391554800,8.5,8.5,8.5,8.5,88
1391641200,8.5,8.7,8.7,8.5,393
1391727600,8.7,8.92,8.92,8.5,11802
1391986800,8.83,9.4,9.71,8.83,5035
1392073200,9.69,9.4,9.69,9.4,450
1392159600,9.55,9.54,9.55,8.81,2871
1392246000,9.52,9.35,9.52,9,1810
1392332400,9.1,9.45,9.45,9.1,8
1392591600,9.05,9.2,9.2,9.02,1001
1392678000,9.2,9.1,9.2,8.8,30177
1392764400,8.87,9.1,9.1,8.85,172
1392850800,8.84,9.1,9.1,8.8,127
1392937200,0,9.1,9.1,9.1,0
1393196400,9.1,9.45,9.45,9.1,1270
1393282800,9.45,9.4,9.49,9.2,8698
1393369200,9.4,9.3,9.4,9.3,1364
1393455600,9.3,9.3,9.3,9.2,2161
1393542000,9.4,9.24,9.4,9.2,8530
1393801200,8.95,8.25,8.95,8.12,6846
1393887600,8.25,8.56,8.62,8.25,1215
1393974000,8.56,8.46,8.61,8.16,5055
1394060400,8.21,8.44,8.44,8.21,104
1394146800,8.3,8.48,8.48,8.25,1011
1394406000,8.16,8.3,8.48,8.16,2115
1394492400,8.25,8.24,8.25,8.15,3592
1394578800,8.3,8.15,8.3,8.15,3465
1394665200,8.15,8.29,8.29,8.15,470
1394751600,8.15,8.2,8.2,8.11,8040
1395010800,8.11,8.29,8.29,8.11,297
1395097200,8.29,8.29,8.29,8.29,5
1395183600,8.29,8.29,8.29,8.11,142
1395270000,8.29,8.29,8.29,8.29,4
1395356400,8.29,8.29,8.29,8.29,2
1395615600,8.26,8.29,8.98,8.11,3110
1395702000,8.4,8.3,8.4,8.3,2
1395788400,8.3,8.3,8.3,8.3,1720
1395874800,8.3,8.3,8.3,8.3,4
1395961200,8.3,8.3,8.3,8.11,55
1396216800,8.3,8.3,8.3,8.11,280
1396303200,8.3,8.3,8.3,8.3,1190
1396389600,8.18,8.2,8.2,8.11,2216
1396476000,8.29,8.29,8.29,8.29,1
1396562400,8.11,8.29,8.3,8.11,786
1396821600,8.3,8.3,8.3,8.3,602
1396908000,8.2,8.2,8.2,8.11,1155
1396994400,8.25,8.28,8.28,8.25,594
1397080800,8.25,8.3,8.3,8.11,950
1397167200,8.3,8.12,8.3,8.12,305
1397426400,8.12,8.11,8.2,8.11,1655
1397512800,8.11,8.2,8.2,8.11,140
1397599200,8.11,8.25,8.25,8.11,46
1397685600,8.29,8.29,8.29,8.11,601
1398117600,8.29,8.11,8.29,8.11,651
1398204000,8.13,8.29,8.29,8.13,16
1398290400,8.29,8.29,8.29,8.11,256
1398376800,8.29,8.25,8.29,8.11,156
1398636000,8.29,8.29,8.29,8.11,20217
1398722400,8.29,8.49,8.79,8.27,1444
1398808800,8.15,8.29,8.29,8.15,106
1398981600,8.4,8.4,8.4,8.15,11
1399240800,8.4,8.1,8.4,8,860
1399327200,7.9,8.08,8.08,7.9,878
1399413600,8.08,7.98,8.08,7.77,205
1399500000,8,7.99,8,7.99,4
1399586400,7.78,7.3,7.78,7.3,5378
1399845600,7.25,7,7.25,6.99,24474
1399932000,7,7,7,6.67,12486
1400018400,6.9,6.89,6.9,6.75,316
1400104800,6.75,7.01,7.01,6.75,419
1400191200,7.03,7.03,7.03,7.03,1
1400450400,7.03,7,7.03,6.9,1143
1400536800,7.03,6.9,7.03,6.77,9174
1400623200,7.03,6.81,7.03,6.81,752
1400709600,7,7.04,7.04,7,1287
1400796000,6.83,6.85,7,6.83,3250
1401055200,6.76,7.04,7.04,6.76,205
1401141600,7.04,6.76,7.04,6.76,2024
1401228000,6.98,6.99,6.99,6.95,519
1401314400,6.99,6.99,6.99,6.99,4
1401400800,6.99,7,7.03,6.85,891
1401660000,7,7.03,7.03,6.87,2561
1401746400,7.03,7.03,7.03,7.03,5
1401832800,7.1,7.06,7.1,7.06,286
1401919200,7.1,7.1,7.1,7.1,4
1402005600,7.1,7.1,7.1,7.1,2
1402264800,7.1,7.09,7.1,6.87,42
1402351200,7,7,7,6.89,30
1402437600,7.1,7.1,7.1,7.1,7
1402524000,7.08,7.01,7.08,7.01,184
1402610400,7,7,7,7,4
1402869600,6.99,6.99,6.99,6.99,47
1402956000,7,7,7,7,2
1403042400,7,7,7,7,282
1403215200,7.07,7.07,7.07,7.07,4
1403474400,7.09,6.96,7.09,6.8,2256
1403560800,0,6.96,6.96,6.96,0
1403647200,6.74,6.74,6.74,6.74,3791
1403733600,6.74,6.99,6.99,6.74,556
1403820000,6.99,7,7,6.99,651
1404079200,7,7,7,7,2
1404165600,6.76,7,7,6.76,305
1404252000,7,7,7,7,1
1404338400,6.99,6.77,6.99,6.77,100
1404424800,0,6.77,6.77,6.77,0
1404684000,6.78,6.6,6.9,6.5,5001
1404770400,6.74,6.74,6.74,6.74,3
1404856800,6.74,6.74,6.74,6.74,286
1404943200,6.53,6.65,6.65,6.36,2361
1405029600,6.66,6.9,6.9,6.6,2206
1405288800,6.7,6.7,6.7,6.7,40
1405375200,6.8,6.85,6.85,6.8,300
1405461600,6.85,7,7,6.85,167
1405548000,6.99,6.99,6.99,6.99,1
1405634400,0,6.99,6.99,6.99,0
1405893600,6.95,6.95,6.95,6.95,1
1405980000,6.95,6.95,6.95,6.95,4
1406066400,6.95,6.95,6.95,6.95,1
1406152800,0,6.95,6.95,6.95,0
1406239200,6.95,6.95,6.95,6.95,1
1406498400,6.95,6.95,6.95,6.7,57
1406584800,6.95,6.9,6.95,6.67,1675
1406671200,0,6.9,6.9,6.9,0
1406757600,0,6.9,6.9,6.9,0
1406844000,6.9,6.9,6.9,6.9,146
1407103200,6.69,6.9,6.9,6.69,1340
1407189600,6.68,6.66,6.68,6.66,1400
1407276000,6.66,6.66,6.66,6.66,230
1407362400,6.51,6.4,6.51,6.4,1600
1407448800,6.4,6.41,6.41,6.4,1365
1407708000,0,6.41,6.41,6.41,0
1407794400,0,6.41,6.41,6.41,0
1407880800,6.4,6.9,6.9,6.4,53
1407967200,6.68,6.25,6.68,6.25,2790
1408312800,6.4,6.4,6.4,6.4,2
1408399200,6.4,6.4,6.4,6.4,40
1408485600,6.25,6.1,6.4,5.63,7919
1408572000,6.1,6.1,6.1,6.1,1232
1408658400,0,6.1,6.1,6.1,0
1408917600,6.07,5.8,6.07,5.79,4884
1409004000,5.8,5.83,5.87,5.8,1794
1409090400,5.98,6.18,6.18,5.98,1583
1409176800,6.1,6.1,6.1,6.1,1859
1409263200,6.06,5.65,6.06,5.53,6765
1409522400,5.68,5.89,5.89,5.68,1565
1409608800,5.75,5.55,5.75,5.55,2863
1409695200,5.55,5.85,5.85,5.55,18167
1409781600,5.95,5.95,5.95,5.95,1
1409868000,5.95,5.95,5.95,5.95,1
1410127200,5.85,6.2,6.2,5.85,2228
1410213600,6.19,6.15,6.19,6.15,991
1410300000,6.15,6.48,6.48,6.15,976
1410386400,6.4,6.55,6.55,6.4,7499
1410472800,6.57,6.58,6.58,6.57,401
1410732000,6.3,6.55,6.55,6.3,473
1410818400,6.65,6.8,6.8,6.65,810
1410904800,6.8,6.8,6.8,6.8,4
1410991200,6.8,6.65,6.8,6.5,1637
1411077600,6.65,6.66,6.66,6.4,330
1411336800,6.48,6.48,6.48,6.3,1402
1411423200,6.48,6.45,6.48,6.3,1169
1411509600,6.45,6.44,6.45,6.4,1172
1411596000,6.47,6.47,6.47,6.47,5
1411682400,6.47,6.4,6.47,6.4,371
1411941600,6.47,6.72,6.72,6.36,1833
1412028000,6.75,7,7,6.75,2377
1412114400,6.8,6.8,6.8,6.8,100
1412200800,6.64,6.9,6.9,6.64,33
1412287200,6.9,6.98,6.98,6.9,300
1412546400,6.99,6.99,6.99,6.99,1
1412632800,6.96,6.77,6.96,6.6,3728
1412719200,6.5,6.71,6.71,6.5,8
1412805600,6.5,6.5,6.5,6.5,295
1412892000,6.6,6.4,6.6,6.4,398
1413151200,6.56,6.25,6.56,6.25,178
1413237600,6.15,6.42,6.42,6.15,528
1413324000,0,6.42,6.42,6.42,0
1413410400,6.1,6.3,6.3,6.1,153
1413496800,6.3,6.3,6.3,6.3,1
1413756000,6.31,6.02,6.31,6.02,807
1413842400,6.02,6.2,6.2,6.02,16300
1413928800,6.27,6.22,6.27,6.05,1504
1414015200,6.27,6.2,6.27,6.2,103
1414101600,6.2,6.2,6.2,6.2,101
1414364400,6.4,6.4,6.4,6.35,245
1414450800,6.48,6.48,6.48,6.48,5
1414537200,6.2,6.3,6.3,6.2,972
1414623600,6.09,6.3,6.3,6.09,118
1414710000,6.09,6.3,6.3,6.09,1088
1414969200,6.3,6.3,6.3,6.3,2
1415055600,6.3,6.3,6.3,6.3,2355
1415142000,6.23,6.23,6.23,6.23,5
1415228400,6.23,6.15,6.23,6,1705
1415314800,6,6,6,6,374
1415574000,5.75,6.05,6.05,5.75,65
1415746800,6.04,6,6.04,6,326
1415833200,5.75,5.65,6,5.65,4601
1415919600,5.7,5.7,5.7,5.55,2277
1416178800,5.64,5.22,5.64,5.22,3790
1416265200,5.2,5.1,5.2,5.1,2700
1416351600,5.14,5.1,5.14,5.1,463
1416438000,5.1,5.2,5.2,5.1,116
1416524400,5.1,5.1,5.1,5.1,1875
1416783600,4.76,4.83,4.88,4.5,14900
1416870000,4.82,5,5,4.82,3670
1416956400,5.04,5.15,5.15,5.04,290
1417042800,5.1,5.12,5.12,5.1,430
1417129200,5.12,5.05,5.12,5.05,1102
1417388400,5.1,5.3,5.3,5.1,2752
1417474800,5.3,5.3,5.3,5.3,200
1417561200,5.3,5.15,5.3,5.15,4729
1417647600,5.05,5.2,5.2,5.05,1715
1417734000,5.3,5.05,5.3,5.05,4954
1417993200,4.91,4.9,5,4.9,5603
1418079600,4.8,4.8,4.85,4.8,1300
1418166000,4.75,4.7,4.79,4.65,3322
1418252400,4.7,4.65,4.7,4.65,2789
1418338800,4.65,4.7,4.7,4.65,870
1418598000,4.7,4.7,4.78,4.7,2425
1418684400,4.7,4.7,4.7,4.7,1015
1418770800,4.65,4.72,4.72,4.65,450
1418857200,4.7,4.8,4.8,4.7,1800
1418943600,4.8,5,5,4.8,1397
1419202800,5,5,5,4.85,6646
1419289200,5.38,5.25,5.7,5.25,5136
1419807600,5.25,5.41,5.41,5.25,1589
1419894000,5.41,5.43,5.55,5.41,371
1420153200,5.45,5.67,5.67,5.45,15
1420412400,5.67,5.41,5.67,5.41,300
1420585200,5.3,5.2,5.35,5.2,4050
1420671600,5.25,5.25,5.25,5.25,2
1420758000,5,5.05,5.05,5,1433
1421017200,5,5,5,5,35
1421103600,5,5.2,5.2,5,1052
1421190000,5.21,5.29,5.72,5.1,27046
1421276400,5.3,5.15,5.3,5.02,5836
1421362800,5.05,5,5.05,4.99,6984
1421622000,5.1,5.1,5.1,5.1,1
1421708400,4.9,4.9,4.91,4.9,678
1421794800,4.87,4.87,5.03,4.87,22
1421881200,4.87,5.03,5.03,4.87,105
1421967600,5.03,5,5.03,5,558
1422226800,0,5,5,5,0
1422313200,4.95,5.03,5.03,4.95,837
1422399600,5.02,4.95,5.03,4.95,3148
1422486000,4.95,4.91,4.95,4.91,1590
1422572400,4.87,5.05,5.05,4.87,1705
1422831600,5.1,5.1,5.1,5.1,5
1422918000,5.1,5.1,5.1,4.93,2787
1423004400,5.08,5.08,5.08,5.08,5
1423090800,5.1,5.1,5.1,5.1,2
1423177200,5.1,4.95,5.1,4.95,2757
1423436400,4.95,4.95,4.95,4.95,5
1423522800,4.95,4.95,4.95,4.95,5
1423609200,5.04,5.04,5.04,5.04,5
1423695600,4.92,4.9,4.92,4.9,555
1423782000,4.95,4.95,4.95,4.95,1300
1424041200,4.96,4.96,4.96,4.96,106
1424127600,5.02,4.95,5.02,4.91,2999
1424214000,5.03,4.85,5.03,4.85,69
1424300400,5.02,5.02,5.02,5.02,3
1424386800,5.03,5.03,5.03,5.03,2
1424646000,5.03,5.02,5.03,5.02,1155
1424732400,5.02,5.02,5.02,5.02,2
1424818800,5,5,5,5,10
1424905200,5,4.93,5,4.78,1505
1424991600,4.93,4.98,4.98,4.93,940
1425250800,4.76,4.63,4.76,4.55,16699
1425337200,4.68,4.63,4.68,4.41,7205
1425423600,4.57,4.69,4.69,4.57,2140
1425510000,4.74,4.53,4.8,4.53,8460
1425596400,4.67,4.66,4.68,4.66,4912
1425855600,4.7,4.69,4.95,4.69,8650
1425942000,4.7,4.86,4.86,4.7,1228
1426028400,4.84,4.83,4.84,4.64,51
1426114800,4.83,4.7,4.83,4.66,2060
1426201200,4.8,4.75,4.8,4.67,518
1426460400,4.8,4.74,4.8,4.64,1707
1426546800,4.68,4.68,4.68,4.68,200
1426633200,4.67,4.67,4.67,4.67,5
1426719600,4.7,4.57,4.7,4.57,902
1426806000,4.7,4.7,4.7,4.7,5
1427065200,4.7,4.6,4.7,4.6,108
1427151600,4.7,4.56,4.7,4.56,3057
1427238000,4.56,4.7,4.7,4.56,2156
1427324400,4.71,4.57,4.71,4.57,1499
1427410800,4.56,4.56,4.56,4.56,2
1427666400,4.57,4.6,4.62,4.57,1279
1427752800,4.6,4.6,4.6,4.6,5
1427839200,4.62,4.62,4.62,4.62,93
1427925600,4.6,4.8,4.8,4.6,333
1428357600,4.82,4.7,4.82,4.7,5988
1428444000,4.8,4.79,4.8,4.79,429
1428530400,4.8,4.79,4.8,4.79,59
1428616800,4.8,4.77,4.8,4.72,4211
1428876000,4.7,4.74,4.75,4.7,6802
1428962400,4.74,4.68,4.74,4.68,1845
1429048800,4.68,4.7,4.7,4.6,2425
1429135200,0,4.7,4.7,4.7,0
1429221600,4.7,4.7,4.7,4.7,1641
1429480800,4.79,4.7,4.79,4.7,620
1429567200,4.79,4.79,4.8,4.7,4266
1429653600,4.79,4.79,4.79,4.79,340
1429740000,4.79,4.79,4.79,4.79,365
1429826400,4.77,4.75,4.8,4.75,2000
1430085600,4.6,4.6,4.6,4.6,414
1430172000,4.6,4.6,4.6,4.6,22
1430258400,4.6,4.6,4.6,4.6,200
1430344800,4.76,4.76,4.76,4.76,2500
1430690400,4.78,4.78,4.78,4.78,200
1430776800,4.79,4.67,4.79,4.57,3403
1430863200,0,4.67,4.67,4.67,0
1430949600,0,4.67,4.67,4.67,0
1431036000,4.76,4.62,4.78,4.62,2888
1431295200,4.7,4.7,4.7,4.7,6000
1431381600,4.69,4.69,4.69,4.69,1080
1431468000,4.7,4.7,4.7,4.7,198
1431554400,4.7,4.7,4.7,4.7,600
1431640800,5,4.85,5.04,4.81,21199
1431900000,4.99,4.84,5,4.66,3622
1431986400,4.94,4.91,5,4.9,3751
1432072800,4.91,4.85,4.91,4.7,1071
1432159200,4.9,4.9,4.9,4.9,2
1432245600,4.9,4.82,4.9,4.68,4500
1432504800,4.9,4.75,4.9,4.75,326
1432591200,4.82,4.82,4.82,4.82,451
1432677600,4.9,4.88,4.9,4.88,155
1432764000,4.85,4.75,4.85,4.75,401
1432850400,4.85,4.8,4.85,4.8,581
1433109600,4.8,4.84,4.84,4.8,2501
1433196000,4.84,4.7,4.84,4.7,1286
1433282400,4.83,4.7,4.83,4.7,101
1433455200,4.83,4.7,4.83,4.7,336
1433714400,4.79,4.84,4.84,4.79,10001
1433800800,4.84,4.83,4.84,4.83,2
1433887200,4.83,4.55,4.83,4.35,10784
1433973600,4.74,4.74,4.74,4.74,12
1434060000,4.74,4.6,4.74,4.6,451
1434319200,0,4.6,4.6,4.6,0
1434405600,4.74,4.56,4.74,4.56,292
1434492000,4.74,4.39,4.74,4.21,6156
1434578400,4.37,4.37,4.37,4.37,800
1434664800,4.37,4.37,4.37,4.37,1
1434924000,4.37,4.25,4.37,4.25,683
1435010400,4.3,4.4,4.4,4.3,591
1435096800,4.4,4.4,4.4,4.4,31
1435183200,4.35,4.21,4.4,4.21,4562
1435269600,4.4,4.2,4.4,4.01,4916
1435528800,4.13,4.12,4.13,4,3111
1435615200,4.2,4.2,4.2,4.2,770
1435701600,4.2,4.2,4.2,4.2,1550
1435788000,4.2,4.2,4.2,4.2,500
1435874400,4.2,4.2,4.2,4.2,90
1436133600,4.16,4.5,4.5,4.16,3080
1436220000,4.53,4.53,4.53,4.53,1
1436306400,4.52,4.45,4.59,4.12,6770
1436392800,4.44,4.44,4.44,4.44,1
1436479200,4.45,4.45,4.45,4.45,401
1436738400,4.55,4.55,4.55,4.55,1
1436824800,4.55,4.55,4.55,4.55,1
1436911200,4.55,4.55,4.55,4.55,1
1436997600,4.45,4.45,4.45,4.45,1111
1437084000,4.45,4.45,4.45,4.45,1
1437343200,4.55,4.55,4.55,4.55,1
1437429600,4.55,4.55,4.55,4.55,1
1437516000,4.55,4.35,4.55,4.35,1986
1437602400,4.34,4.25,4.34,4.16,2927
1437688800,4.12,4.11,4.12,4.11,2200
1437948000,4.11,4.25,4.25,4.11,2
1438034400,0,4.25,4.25,4.25,0
1438120800,4.24,4.24,4.24,4.24,2001
1438207200,4.24,4.24,4.24,4.24,287
1438293600,4.25,4.24,4.25,4.24,21
1438552800,4.24,4.24,4.24,4.24,694
1438639200,0,4.24,4.24,4.24,0
1438725600,4.25,4.25,4.25,4.25,101
1438812000,4.25,4.25,4.25,4.25,1701
1438898400,0,4.25,4.25,4.25,0
1439157600,0,4.25,4.25,4.25,0
1439244000,0,4.25,4.25,4.25,0
1439330400,0,4.25,4.25,4.25,0
1439416800,4.25,4.25,4.25,4.25,1
1439503200,4.25,4.25,4.59,4.18,6905
1439762400,4.35,4.35,4.35,4.35,1
1439848800,0,4.35,4.35,4.35,0
1439935200,0,4.35,4.35,4.35,0
1440021600,0,4.35,4.35,4.35,0
1440108000,4.35,4.36,4.36,4.16,51
1440367200,4.16,4.02,4.32,4,5550
1440453600,4.01,4.04,4.14,4.01,1850
1440540000,4,4.13,4.14,3.96,4937
1440626400,4,4,4,4,1234
1440712800,4.14,4.23,4.28,4.05,3094
1440972000,4,4.26,4.26,4,1977
1441058400,4.1,4.14,4.27,4,3963
1441144800,4.14,4.06,4.14,4,4317
1441231200,4.15,4.06,4.15,4,2185
1441317600,4.04,3.9,4.04,3.9,1581
1441576800,3.9,4.03,4.03,3.9,1345
1441663200,4.03,4.03,4.03,4.03,46
1441749600,3.91,3.86,3.96,3.85,1130
1441836000,4,3.86,4.02,3.86,1064
1441922400,4.01,4.01,4.01,4.01,25
1442181600,4.01,4.01,4.01,4.01,10
1442268000,3.96,3.86,3.96,3.86,700
1442354400,3.81,3.95,3.95,3.81,269
1442440800,3.95,3.81,3.95,3.81,130
1442527200,3.95,3.78,3.95,3.78,2193
1442786400,3.86,3.79,3.86,3.79,121
1442872800,3.79,3.93,3.96,3.79,1130
1442959200,3.91,3.89,3.91,3.89,635
1443045600,3.81,3.92,3.92,3.81,228
1443132000,3.91,4.02,4.02,3.9,2082
1443391200,4.07,4.13,4.13,4.07,1070
1443477600,4,4.19,4.19,4,535
1443564000,4.15,4.19,4.19,4,145
1443650400,4.02,4,4.02,4,2300
1443736800,3.91,4,4.09,3.91,4399
1443996000,4.04,4,4.04,4,2066
1444082400,4.08,4.08,4.08,4.08,5
1444168800,4.17,4.17,4.17,4.17,10
1444255200,4.11,4.18,4.18,4.1,4711
1444341600,4.17,4.17,4.17,4.17,5
1444600800,4.14,4.19,4.19,4.14,155
1444687200,4.19,4.19,4.19,4.19,5
1444773600,4.19,4.19,4.19,4.19,5
1444860000,4.19,4.19,4.19,4.19,5
1444946400,4.19,4.19,4.19,4.19,2
1445205600,4.19,4.19,4.19,4.03,523
1445292000,4.19,4.46,4.46,4.19,5475
1445378400,4.67,4.67,4.67,4.6,844
1445464800,4.46,4.46,4.46,4.46,110
1445551200,4.68,4.68,4.68,4.68,49
1445814000,4.69,4.4,4.7,4.24,6908
1445900400,0,4.4,4.4,4.4,0
1445986800,4.66,4.66,4.66,4.66,5
1446073200,4.66,4.4,4.66,4.39,1695
1446159600,4.5,4.3,4.5,4.3,3363
1446418800,4.39,4.39,4.39,4.39,5
1446505200,4.39,4.2,4.39,4.2,4291
1446591600,4.2,4.05,4.2,4.04,3012
1446678000,4.02,3.95,4.02,3.95,5095
1446764400,3.95,4.09,4.09,3.95,2439
1447023600,4.2,4,4.2,3.9,3244
1447110000,4,3.9,4,3.85,1276
1447282800,3.9,3.9,3.9,3.9,500
1447369200,3.9,3.9,3.9,3.9,550
1447628400,3.85,3.82,3.85,3.82,3926
1447714800,3.82,3.81,3.82,3.81,3853
1447801200,3.81,3.7,3.81,3.7,6035
1447887600,3.81,3.7,3.81,3.7,410
1447974000,3.81,3.6,3.81,3.56,8221
1448233200,3.6,3.61,3.61,3.6,250
1448319600,3.61,3.72,3.72,3.61,3130
1448406000,3.71,3.78,3.78,3.71,2080
1448492400,3.82,3.7,3.82,3.7,1507
1448578800,3.82,3.8,3.82,3.8,1005
1448838000,3.82,3.82,3.82,3.82,5
1448924400,3.7,3.65,3.7,3.65,3489
1449010800,3.7,3.6,3.7,3.6,3322
1449097200,3.58,3.6,3.6,3.58,927
1449183600,3.6,3.56,3.6,3.56,1050
1449442800,3.56,3.56,3.56,3.56,10
1449529200,3.56,3.55,3.61,3.53,8790
1449615600,3.51,3.45,3.51,3.45,4364
1449702000,3.62,3.45,3.62,3.45,18282
1449788400,3.6,3.59,3.6,3.46,370
1450047600,3.59,3.3,3.59,3.3,7044
1450134000,3.3,3.33,3.33,3.3,369
1450220400,3.33,3.35,3.35,3.33,2320
1450306800,3.4,3.39,3.4,3.31,2369
1450393200,3.39,3.39,3.39,3.39,1
1450652400,3.39,3.38,3.39,3.35,601
1450738800,3.39,3.38,3.39,3.38,501
1450825200,3.39,3.38,3.39,3.38,101
1451257200,3.33,3.25,3.38,3.25,6388
1451343600,3.25,3.47,3.47,3.25,4107
1451430000,3.45,3.47,3.47,3.4,10225
1451862000,3.48,3.46,3.48,3.31,6329
1451948400,3.45,3.4,3.45,3.4,225
1452121200,3.4,3.44,3.44,3.4,4664
1452207600,3.4,3.4,3.4,3.4,513
1452466800,3.35,3.35,3.35,3.35,500
1452553200,3.3,3.3,3.3,3.3,70
1452639600,3.3,3.25,3.35,3.25,10337
1452726000,3.25,3.25,3.25,3.25,100
1452812400,3.4,3.35,3.4,3.35,2
1453071600,3.35,3.25,3.35,3.25,697
1453158000,3.38,3.15,3.38,3.15,2402
1453244400,3.11,3.1,3.11,3.1,9000
1453330800,3.3,3.2,3.3,3.2,2
1453417200,3.38,3.2,3.38,3.2,992
1453676400,3.2,3.21,3.21,3.13,7004
1453762800,3.18,3.18,3.18,3.18,200
1453849200,3.2,3.2,3.2,3.2,5
1453935600,3.38,3.38,3.38,3.38,1
1454022000,3.38,3.38,3.38,3.38,15
1454281200,3.38,3.38,3.38,3.38,51
1454367600,3.38,3.3,3.38,3.3,31
1454454000,3.38,3.3,3.38,3.3,3001
1454540400,3.38,3.38,3.38,3.38,1
1454626800,3.38,3.2,3.38,3.2,1246
1454886000,3.34,3.34,3.34,3.34,1
1454972400,3.34,3.34,3.34,3.34,1
1455058800,3.34,3.34,3.34,3.34,1
1455145200,3.34,3.34,3.34,3.34,1
1455231600,3.34,3.34,3.34,3.34,1
1455490800,3.31,3.31,3.31,3.31,51
1455577200,3.31,3.34,3.34,3.31,98
1455663600,3.3,3.3,3.3,3.3,1
1455750000,3.3,3.34,3.34,3.3,2714
1455836400,3.3,3.35,3.35,3.3,441
1456095600,3.38,3.38,3.38,3.35,2566
1456182000,0,3.38,3.38,3.38,0
1456268400,0,3.38,3.38,3.38,0
1456354800,3.35,3.35,3.35,3.35,10
1456441200,3.51,3.51,3.51,3.51,10
1456700400,0,3.51,3.51,3.51,0
1456786800,3.52,3.77,3.77,3.52,2637
1456873200,3.88,4,4.01,3.88,6663
1456959600,4,3.99,4,3.7,1812
1457046000,0,3.99,3.99,3.99,0
1457305200,4.01,4,4.01,4,250
1457391600,0,4,4,4,0
1457478000,4,4,4,4,30
1457564400,4,4,4,4,5
1457650800,3.95,3.95,3.95,3.95,21
1457910000,4,4,4,4,3
1457996400,3.82,3.7,3.92,3.7,2029
1458082800,3.7,3.75,3.77,3.7,600
1458169200,3.81,3.81,3.81,3.7,1096
1458255600,3.82,3.73,3.82,3.73,302
1458514800,3.92,3.75,3.92,3.75,3020
1458601200,3.92,3.6,3.92,3.6,6380
1458687600,3.61,3.61,3.61,3.61,20
1458774000,3.6,3.77,3.77,3.6,316
1459202400,3.6,3.65,3.65,3.48,3225
1459288800,3.65,3.65,3.65,3.65,2000
1459375200,3.57,3.72,3.72,3.57,384
1459461600,3.58,3.72,3.89,3.58,7269
1459720800,3.92,3.72,3.92,3.72,3179
1459807200,3.76,3.77,3.77,3.76,2
1459893600,3.76,3.76,3.76,3.76,2517
1459980000,3.75,3.77,3.77,3.75,1500
1460066400,3.76,3.75,3.76,3.75,3645
1460325600,3.76,3.7,3.76,3.7,2675
1460412000,3.76,3.76,3.76,3.76,1
1460498400,3.76,3.76,3.76,3.76,1
1460584800,3.76,3.76,3.76,3.76,1
1460671200,3.74,3.74,3.74,3.74,1
1460930400,3.74,3.64,3.74,3.64,3318
1461016800,3.55,3.59,3.59,3.44,2170
1461103200,3.58,3.59,3.59,3.46,1803
1461189600,3.65,3.54,3.65,3.5,9255
1461276000,3.65,3.55,3.65,3.55,502
1461535200,3.48,3.55,3.55,3.48,1100
1461621600,3.5,3.5,3.51,3.5,1669
1461708000,3.5,3.55,3.55,3.46,1709
1461794400,3.55,3.55,3.55,3.55,285
1461880800,0,3.55,3.55,3.55,0
1462140000,3.54,3.5,3.54,3.5,2145
1462312800,3.49,3.54,3.54,3.4,2232
1462399200,3.65,3.65,3.65,3.65,5
1462485600,3.65,3.5,3.65,3.5,302
1462744800,3.54,3.48,3.54,3.4,4984
1462831200,3.48,3.5,3.5,3.48,703
1462917600,3.48,3.5,3.5,3.48,2500
1463004000,3.48,3.5,3.5,3.48,900
1463090400,3.48,3.5,3.5,3.48,1558
1463349600,3.73,4.08,4.1,3.73,28319
1463436000,4.1,3.95,4.1,3.87,9096
1463522400,3.99,4.48,4.48,3.95,16583
1463608800,4.47,4.29,4.47,4.21,5238
1463695200,4.29,4.35,4.35,4.29,215
1463954400,4.35,4.34,4.35,4.16,518
1464040800,4.34,4.34,4.34,4.34,552
1464127200,4.34,4.3,4.34,4.1,1584
1464300000,4.3,4.34,4.34,4.3,962
1464559200,4.34,4.34,4.34,4.34,170
1464645600,4.34,4.23,4.34,4.2,2448
1464732000,4.2,3.9,4.2,3.9,11771
1464818400,0,3.9,3.9,3.9,0
1464904800,3.91,3.91,3.91,3.91,1944
1465164000,3.91,3.95,3.95,3.91,512
1465250400,3.95,3.95,3.95,3.95,2
1465336800,3.95,3.95,3.95,3.95,2
1465423200,3.95,3.95,3.95,3.8,7085
1465509600,0,3.95,3.95,3.95,0
1465768800,3.98,3.98,3.98,3.98,1878
1465855200,0,3.98,3.98,3.98,0
1465941600,4.25,4.19,4.25,4.19,35
1466028000,4.25,4.75,4.75,4.19,13936
1466114400,4.71,5.7,5.87,4.71,23095
1466373600,5.7,5.79,5.79,5.6,1045
1466460000,5.79,5.6,5.79,5.52,1113
1466546400,5.74,5.51,5.74,5.4,5204
1466632800,5.28,5.5,5.5,5.28,202
1466719200,5.3,5.08,5.3,5.02,3978
1466978400,4.86,5,5.09,4.85,4342
1467064800,5,5.41,5.41,5,2688
1467151200,5.41,5.95,5.95,5.41,11470
1467237600,5.95,5.8,5.95,5.8,275
1467324000,5.8,5.7,5.8,5.65,3785
1467583200,5.7,5.95,5.95,5.53,2441
1467669600,5.9,5.77,6.17,5.77,13090
1467756000,5.77,5.5,5.77,5.24,2518
1467842400,5.77,5.77,5.77,5.77,5
1467928800,5.77,5.77,5.77,5.77,2
1468188000,5.56,5.82,5.82,5.56,788
1468274400,5.77,5.75,5.77,5.75,455
1468360800,5.75,5.73,5.75,5.73,557
1468447200,5.75,5.77,5.77,5.75,4
1468533600,5.77,5.77,5.77,5.77,10
1468792800,5.76,5.77,5.77,5.7,1501
1468879200,5.77,5.66,5.77,5.66,515
1468965600,5.7,5.66,5.7,5.66,833
1469052000,5.7,5.7,5.7,5.67,753
1469138400,5.7,5.7,5.7,5.7,652
1469397600,5.7,5.7,5.7,5.7,2
1469484000,5.7,5.7,5.7,5.7,1943
1469570400,5.75,5.75,5.75,5.75,2375
1469656800,5.8,5.9,5.95,5.77,9268
1469743200,5.75,5.75,5.75,5.75,500
1470002400,5.73,5.73,5.73,5.73,218
1470088800,5.74,5.75,5.75,5.74,262
1470175200,5.76,5.76,5.76,5.76,1292
1470261600,5.76,5.95,5.96,5.76,2817
1470348000,5.96,5.96,5.96,5.95,3157
1470607200,5.96,5.95,5.96,5.95,1302
1470693600,5.94,5.93,5.94,5.71,2262
1470780000,5.94,5.94,5.94,5.7,1130
1470866400,5.94,5.94,5.94,5.94,2
1470952800,5.94,5.94,5.94,5.94,2
1471298400,5.94,5.94,5.94,5.94,2
1471384800,5.94,5.94,5.94,5.94,2
1471471200,5.94,5.94,5.94,5.94,2
1471557600,5.94,5.94,5.94,5.94,2
1471816800,5.94,5.94,5.94,5.94,252
1471903200,5.94,5.94,5.94,5.94,2
1471989600,5.94,5.94,5.94,5.94,1002
1472076000,5.9,5.9,5.9,5.9,50
1472162400,5.85,5.71,5.85,5.71,442
1472421600,5.84,5.85,5.85,5.84,2002
1472508000,5.84,5.57,5.85,5.57,4958
1472594400,5.85,5.5,5.85,5.5,105
1472680800,5.5,5.45,5.5,5.24,5319
1472767200,5.8,5.8,5.8,5.55,4145
1473026400,5.85,5.85,5.85,5.85,2
1473112800,5.85,5.9,5.9,5.6,2357
1473199200,5.95,6.81,6.99,5.9,48431
1473285600,6.81,6.9,6.9,6.74,2663
1473372000,6.89,6.78,6.89,6.78,972
1473631200,6.67,6.66,6.75,6.61,7309
1473717600,6.84,6.8,6.84,6.8,310
1473804000,6.8,6.8,6.8,6.8,57
1473890400,6.8,6.7,6.8,6.6,7715
1473976800,6.7,6.6,6.7,6.4,2201
1474236000,6.7,6.21,6.7,6.21,2184
1474322400,6.21,6.7,6.7,6.21,1328
1474408800,6.7,6.5,6.7,6.5,2909
1474495200,6.7,6.7,6.7,6.7,1488
1474581600,6.7,6.84,6.84,6.7,3593
1474840800,6.84,7.3,7.37,6.83,5494
1474927200,7.35,7.11,7.35,7.11,804
1475013600,7.25,7.25,7.25,7.25,110
1475100000,7.25,7.4,7.44,7.24,654
1475186400,7.39,7.39,7.39,7.39,55
1475445600,7.39,7.34,7.39,7.2,157
1475532000,7.39,7.3,7.39,7.1,182
1475618400,7.3,7.28,7.3,7.28,1352
1475704800,7.28,7.28,7.28,7.28,2
1475791200,7.28,7.28,7.28,7.27,1285
1476050400,7.3,7.3,7.3,7.29,429
1476136800,7.4,7.4,7.4,7.4,2700
1476223200,7.4,7.29,7.4,7.1,1602
1476309600,7.3,7.29,7.3,7.29,207
1476396000,7.4,7.4,7.4,7.4,2005
1476655200,7.4,7.4,7.4,7.4,4952
1476741600,7.5,7.4,7.5,7.4,252
1476828000,7.5,7.55,7.55,7.4,6642
1476914400,7.6,7.5,7.6,7.5,1482
1477000800,7.5,7.55,7.61,7.5,9025
1477260000,7.65,9.29,9.29,7.65,34518
1477346400,9.2,8.71,9.2,8.38,4187
1477432800,8.4,9.15,9.2,8.3,8339
1477519200,9.2,8.99,9.2,8.9,1262
1477605600,9.1,9.3,9.85,8.95,30990
1477868400,9.29,9.08,9.3,8.76,3021
1478041200,8.8,8.8,9,8.65,3438
1478127600,8.78,8.78,8.78,8.78,205
1478214000,8.8,8.8,8.8,8.41,1086
1478473200,8.8,8.8,8.8,8.6,502
1478559600,8.79,8.71,8.9,8.4,21852
1478646000,8.8,8.34,8.8,8.05,5136
1478732400,8.19,8.65,8.8,8.19,10897
1479078000,8.34,8.85,8.85,8.34,2480
1479164400,8.85,8.85,8.85,8.85,2
1479250800,8.85,8.89,8.9,8.5,1174
1479337200,8.9,8.85,8.9,8.85,1517
1479423600,8.85,8.85,8.85,8.55,893
1479682800,8.85,8.85,8.85,8.85,2
1479769200,8.81,8.5,8.81,8.5,1724
1479855600,8.5,8.5,8.5,8.25,1006
1479942000,8.5,8.5,8.5,8.27,727
1480028400,8.59,8.49,8.59,8.2,3937
1480287600,8.81,8.5,8.81,8.3,2003
1480374000,8.61,8.5,8.81,8.31,9740
1480460400,8.5,8.79,8.83,8.5,19473
1480546800,8.8,8.62,8.8,8.62,2955
1480633200,8.79,8.2,8.79,8,13525
1480892400,8.79,8.79,8.79,8.79,2
1480978800,8.79,8.79,8.79,8.79,5
1481065200,8.67,8.7,8.7,8.67,750
1481151600,8.7,8.69,8.7,8.68,629
1481238000,8.69,8.7,8.71,8.69,1169
1481497200,8.7,8.73,8.73,8.7,2010
1481583600,8.69,8.6,8.69,8.6,1300
1481670000,8.59,8.45,8.59,8.4,2691
1481756400,8.59,9.4,9.89,8.58,31680
1481842800,9.4,9.65,9.65,9.36,7725
1482102000,9.85,9.5,9.85,9.3,799
1482188400,9.3,8.99,9.3,8.99,7005
1482274800,8.99,9.02,9.02,8.99,1162
1482361200,9.02,9.2,9.3,8.9,2803
1482447600,9.2,9.11,9.2,9.11,885
1482793200,9.3,9.38,9.38,9.1,3697
1482879600,9.38,9.28,9.38,8.95,2782
1482966000,9.1,9.44,9.44,9.1,901
1483052400,9.5,9.39,9.5,9.39,138
1483311600,9.89,9.4,9.89,9.38,3151
1483398000,9.3,9.3,9.4,9.3,3344
1483484400,9.31,9.5,9.5,9.26,3604
1483570800,9.59,9.56,9.59,9.23,1139
1483916400,9.59,9.56,9.59,9.5,4466
1484002800,9.56,9.45,9.56,9.44,2202
1484089200,9.45,9.44,9.46,9.44,10539
1484175600,9.55,9.42,9.55,9.42,201
1484262000,9.55,9.4,9.55,9.38,1622
1484521200,9.53,9.51,9.53,9.4,2139
1484607600,9.42,9.45,9.51,9.42,750
1484694000,9.51,9.45,9.51,9.45,3325
1484780400,9.5,9.5,9.52,9.5,8669
1484866800,9.5,9.5,9.51,9.5,2210
1485126000,9.5,9.96,9.97,9.5,20497
1485212400,9.97,10.28,10.38,9.97,6221
1485298800,10.28,10.89,11.25,10.03,10213
1485385200,11.06,11.33,11.45,10.9,6944
1485471600,11,11.7,12.1,11,17127
1485730800,11.78,11.4,11.78,11.24,5180
1485817200,11.69,11.6,11.7,11.2,6206
1485903600,11.6,11.6,11.6,11.2,16200
1485990000,11.69,11.25,11.69,11.25,2279
1486076400,11.5,10.81,11.5,10.81,7494
1486335600,10.81,10.99,11.3,10.81,612
1486422000,11,11,11,10.91,1688
1486508400,11,11,11,10.82,583
1486594800,11,11.75,11.85,11,5907
1486681200,11.68,11.83,11.85,11.5,1684
1486940400,11.82,12.4,12.5,11.5,7836
1487026800,12.4,12.3,12.4,11.56,5858
1487113200,12.4,12.49,12.49,12.3,2167
1487199600,12.48,11,12.48,11,18583
1487286000,11,10.95,11,10.94,1802
1487545200,10.95,11.25,11.33,10.85,3850
1487631600,11.02,10.82,11.27,10.82,4816
1487718000,10.86,10.82,10.86,10.8,2181
1487804400,10.86,10.85,10.99,10.85,1418
1487890800,10.99,10.9,10.99,10.8,752
1488150000,10.91,10.99,10.99,10.91,175
1488236400,10.99,10.95,10.99,10.71,2042
1488322800,10.99,10.9,10.99,10.7,1632
1488409200,10.9,10.69,10.9,10.69,279
1488495600,10.69,10.48,10.69,10.12,2041
1488754800,10.51,10.51,10.51,10.15,4255
1488841200,10.25,10.4,10.59,10.14,3893
1488927600,10.3,10.58,10.58,10.14,1279
1489014000,10.58,11.34,11.45,10.58,6660
1489100400,11.3,11.5,11.75,11.3,3078
1489359600,11.5,11.44,11.5,11.18,878
1489446000,11.44,11.9,11.97,11.44,2151
1489532400,11.99,12.4,12.4,11.99,3818
1489618800,12.5,13.4,13.7,12.5,13962
1489705200,12.9,13.2,13.3,12.7,6198
1489964400,13,13.1,13.38,13,414
1490050800,13.37,13.2,13.4,13.2,1715
1490137200,13.33,13.24,13.33,12.5,5032
1490223600,13.33,13.09,13.33,13.09,392
1490310000,13.16,13.59,13.59,12.75,1652
1490565600,13.53,13.4,13.53,13,587
1490652000,12.95,13.39,13.39,12.95,452
1490738400,13.3,12.75,13.3,12.75,2893
1490824800,12.75,13.12,13.12,12.75,1072
1490911200,13.75,13.4,13.9,13.27,16615
1491170400,13.5,13.45,13.75,13.1,3650
1491256800,13.59,13.6,13.8,13.59,4898
1491343200,13.8,13.7,13.8,13.45,3202
1491429600,13.8,13.97,13.97,13.8,676
1491516000,13.95,13.82,14.2,13.6,6254
1491775200,13.7,13.5,13.7,13.46,1312
1491861600,13.5,13.2,13.5,13.2,1653
1491948000,13.2,13.45,13.45,12.9,3604
1492034400,13.5,13.45,13.5,13.44,323
1492466400,13.48,13.46,13.54,13.46,583
1492552800,13.54,14.5,14.88,13.47,18616
1492639200,14.5,15,15.3,14.5,13066
1492725600,15.27,16.13,16.2,15,18770
1492984800,16.19,16.28,16.6,15.56,6512
1493071200,16,15.65,16,15.03,7867
1493157600,15.9,15.5,15.9,14.61,5417
1493244000,15.3,15.32,15.46,15,6328
1493330400,15.32,15.25,15.43,15.25,2388
1493676000,15.27,15.47,15.47,15.18,957
1493848800,15.47,15.8,15.99,15.41,2161
1493935200,15.5,15.7,15.7,15.18,5371
1494194400,15.7,16.16,16.2,15.7,11284
1494280800,16.28,16.33,16.35,16.2,1441
1494367200,15.84,16.2,16.33,15.84,4256
1494453600,16.16,16.47,16.47,16.16,3461
1494540000,16.6,16.9,16.9,16.6,2570
1494799200,16.9,16.8,17,16.8,3973
1494885600,16.99,16.83,16.99,16.8,2037
1494972000,16.95,17.03,17.25,16.91,4027
1495058400,16.83,17.17,17.3,16.83,2356
1495144800,17.1,17.7,17.89,17.1,9099
1495404000,17.89,17.7,17.9,17.5,6185
1495490400,17.71,17.24,17.75,17.24,3025
1495576800,17.59,17.24,17.59,17.24,2122
1495663200,17.53,16.8,17.55,16.26,9297
1495749600,16.6,16.69,16.7,16.53,2326
1496008800,16.6,17.32,17.32,16.48,1548
1496095200,17.87,17.88,17.88,17.16,9637
1496181600,17.9,17.9,17.9,17.7,12539
1496268000,17.9,17.99,17.99,17.72,4408
1496354400,18,17.99,18,17.7,2616
1496613600,18,17.52,18.1,17.52,10175
1496700000,17.7,17.45,17.7,17.42,2459
1496786400,17.5,17.75,17.75,17.45,827
1496872800,17.84,17.81,17.84,17.46,1208
1496959200,17.81,17.73,17.81,17.47,413
1497218400,17.79,17.76,17.8,17.51,6651
1497304800,17.45,17.76,17.76,17.1,13757
1497391200,17.76,16.99,17.76,16.61,5034
1497564000,17.2,17.4,17.4,16.95,312
1497823200,17.4,17.38,17.4,16.62,1459
1497909600,17.38,17.1,17.38,16.6,273
1497996000,16.66,16.99,16.99,16.65,1972
1498082400,16.97,16.65,16.97,16.65,545
1498168800,16.65,16.65,16.66,16.65,2329
1498428000,16.9,16.65,16.9,16.65,153
1498514400,16.89,16.9,16.9,16.86,2063
1498600800,17.09,16.9,17.09,16.9,171
1498687200,17.09,17,17.09,16.65,3374
1498773600,17,17,17,16.65,3558
1499032800,17,16.95,17,16.6,395
1499119200,16.9,16.98,17,16.8,1326
1499205600,16.98,16.98,16.98,16.98,2
1499292000,16.95,16.99,16.99,16.8,82
1499378400,16.99,16.82,17,16.81,827
1499637600,16.81,17,17,16.81,535
1499724000,17,16.4,17,16.16,5472
1499810400,15.9,16.56,16.56,15.34,4397
1499896800,16.41,16.3,16.41,15.87,6264
1499983200,16.2,16.3,16.35,16.2,2926
1500242400,16.1,16.5,16.5,16.1,1205
1500328800,16.95,16.5,16.95,16.5,146
1500415200,16.5,16.5,16.5,16.5,120
1500501600,16.23,16.49,16.49,16.23,380
1500588000,16.22,16.05,16.48,16.05,1136
1500847200,16.4,16.4,16.4,16.12,689
1500933600,16.3,16.2,16.3,16.2,2089
1501020000,16.2,16.2,16.2,16.2,297
1501106400,16.2,16.5,16.5,16.2,255
1501192800,16.5,16.27,16.5,16.2,237
1501452000,16.35,16.83,16.83,16.35,1137
1501538400,16.75,16.9,16.9,16.75,350
1501624800,16.95,16.8,16.95,16.3,106
1501711200,16.8,16.32,16.8,16.32,251
1501797600,16.5,16.7,16.7,16.3,369
1502056800,16.7,16.4,16.8,16.3,1079
1502143200,16.72,16.6,16.72,16.1,795
1502229600,16.72,16.72,16.72,16.72,2
1502316000,16.72,16.8,16.8,16.45,342
1502402400,16.45,16.77,16.77,16.45,280
1502661600,16.77,16.45,16.77,16.45,878
1502834400,16.75,16.75,16.75,16.75,1
1502920800,16.48,16.4,16.48,16.31,142
1503007200,16.4,16.25,16.4,16.25,492
1503266400,15.9,15.22,15.9,14.51,7786
1503352800,15.2,14.71,15.22,14.7,5223
1503439200,14.5,14.59,14.71,13.8,5808
1503525600,14.54,14.19,14.71,13.9,6663
1503612000,14.19,14.1,14.2,14,3452
1503871200,14.3,15.06,15.06,14.3,4279
1503957600,15.1,15.8,15.8,15.1,2857
1504044000,15.8,15.67,15.8,15.67,360
1504130400,15.69,15.69,15.69,15.69,1
1504216800,15.69,15.85,15.85,15.5,1151
1504476000,15.8,15.5,15.8,15.42,265
1504562400,15.85,15.6,15.85,15.5,351
1504648800,15.85,15.6,15.85,15.4,769
1504735200,15.85,15.74,15.85,15.32,370
1504821600,15.7,14.91,15.8,14.91,16540
1505080800,14.91,14.2,14.99,14.2,4928
1505167200,14.05,14,14.49,13.86,4109
1505253600,13.98,13.55,13.98,12.74,4918
1505340000,13.3,12.85,13.4,12.85,3888
1505426400,12.85,12.89,12.91,12.31,3913
1505685600,12.88,12.88,12.88,12.6,993
1505772000,12.87,12.87,12.87,12.62,239
1505858400,12.85,12.88,12.88,12.85,1267
1505944800,12.87,12.84,12.87,12.5,2295
1506031200,12.83,12.8,12.83,12.75,501
1506290400,12.8,12.5,12.8,12.5,1033
1506376800,12.5,12.15,12.5,11.66,4025
1506463200,12.14,12.47,12.49,12.14,1104
1506549600,12.43,12.3,12.43,12.3,229
1506636000,12.29,12.7,12.7,12.29,1431
1506895200,12.53,13.14,13.17,12.53,2319
1506981600,13.13,12.55,13.13,12.55,4080
1507068000,12.8,12.9,12.9,12.8,570
1507154400,12.9,12.75,13.01,12.7,860
1507240800,12.89,12.8,13,12.8,359
1507500000,12.98,12.9,12.98,12.8,826
1507586400,12.96,12.9,12.96,12.9,152
1507672800,12.9,12.75,12.95,12.75,1276
1507759200,12.74,13,13.01,12.74,1235
1507845600,13.12,14.05,14.06,12.9,3750
1508104800,14.08,14.27,14.65,14.08,2144
1508191200,14.47,13.9,14.47,13.9,411
1508277600,14.29,14,14.29,14,56
1508364000,14.25,14.2,14.25,14.2,326
1508450400,14.18,14.3,14.3,14.13,785
1508709600,14.2,14.43,14.43,14.2,1039
1508796000,14.48,14.46,14.48,14.2,909
1508882400,14.8,14.8,14.8,14.48,651
1508968800,14.79,14.75,14.79,14.25,883
1509055200,14.74,14.74,14.74,14.74,1
1509318000,14.75,15,15,14.74,2664
1509404400,14.98,14.78,15.08,14.74,4029
1509577200,14.93,14.79,14.93,14.79,131
1509663600,14.89,14.03,14.89,14.03,1658
1509922800,14.03,14.11,14.11,14.03,430
1510009200,14.03,14,14.03,13.9,406
1510095600,14,14.4,14.87,13.65,2111
1510182000,14.38,14.49,14.49,14.32,1137
1510268400,14.46,14.46,14.46,14.46,1
1510527600,14.44,14.46,14.67,14.44,696
1510614000,14.3,14.5,14.67,14.3,641
1510700400,14.5,14.5,14.5,14.5,1
1510786800,14.5,14.38,14.5,13.6,3070
1510873200,14,14,14,13.7,5636
1511132400,14,14,14,13.4,402
1511218800,13.99,13.54,13.99,13.4,1750
1511305200,13.54,13.61,13.99,13.37,664
1511391600,13.97,13.33,13.97,13.33,601
1511478000,13.9,13.35,13.9,13.35,124
1511737200,13.25,13.9,13.9,13.25,748
1511823600,13.89,13.89,13.89,13.6,202
1511910000,13.25,12.88,13.9,12.12,17031
1511996400,12.87,12.5,12.87,12.35,959
1512082800,12.49,12.87,12.88,12.32,1689
1512342000,12.86,12.41,12.86,12.41,156
1512428400,12.41,12.27,12.82,12.27,6691
1512514800,12.26,12.01,12.26,11.71,11252
1512601200,11.99,11.7,12,11.44,5917
1512687600,11.91,12.01,12.88,11.8,12780
1512946800,11.9,11.8,12.01,11.8,6422
1513033200,12.01,12.01,12.01,12.01,1
1513119600,12,11.82,12,11.82,29
1513206000,11.98,11.98,11.98,11.8,346
1513292400,11.97,11.75,11.97,11.23,2132
1513551600,11.74,11.5,12,11.07,6649
1513638000,11.5,11.44,11.5,10.9,8440
1513724400,11.44,11.1,11.44,11.1,1670
1513810800,10.92,10.7,11,10.7,724
1513897200,10.98,11.5,11.5,10.8,5576
1514329200,11.4,11.73,11.75,11.2,1698
1514415600,11.72,11.7,11.72,11.7,146
1514502000,11.55,11.55,11.55,11.55,20
1514934000,11.55,12.5,12.7,11.55,812
1515020400,12.5,12.7,13.75,11.45,4730
1515106800,12.75,13,13.7,12.75,2804
1515366000,13,14.3,14.3,13,11024
1515452400,14.4,14.5,15,14.4,2575
1515538800,14.5,13.6,14.5,13.6,1608
1515625200,14,14.2,14.2,14,681
1515711600,14.2,14,14.2,13.5,1821
1515970800,14,13.85,14,13.6,121
1516057200,13.85,13.5,13.85,12.5,1254
1516143600,13.45,13.2,13.45,13,2284
1516230000,13.2,12.9,13.2,12.6,856
1516316400,13.4,13.4,13.4,13,102
1516575600,12.65,13.2,13.2,12.65,4703
1516662000,13.2,13.15,13.2,12.8,2932
1516748400,13.2,13.2,13.2,13.2,1
1516834800,13,12.8,13,12.5,3239
1516921200,13.2,13,13.2,13,298
1517180400,13,12.95,13,12.6,3414
1517266800,13.2,13.2,13.2,13.2,1
1517353200,13.2,12.75,13.2,12.75,1070
1517439600,12.9,12.55,13,12.3,3722
1517526000,12.55,12.3,12.55,12.3,1001
1517785200,12.3,12.45,12.45,12.3,36
1517871600,12.35,12.2,12.35,11.9,393
1517958000,12.3,11.9,12.3,11.9,550
1518044400,12,12.35,12.35,12,116
1518130800,12.4,11.9,12.4,11.8,1760
1518390000,12.55,12.15,12.55,12,1136
1518476400,12.05,12.15,12.25,12,502
1518562800,11.75,11.6,12.2,11.6,1731
1518649200,11.6,11.6,11.7,11.6,301
1518735600,12.2,12.2,12.2,12.2,1
1518994800,11.85,11.85,11.85,11.85,71
1519081200,11.85,11.85,11.85,11.6,457
1519167600,11.7,11.55,11.7,11.55,624
1519254000,11.5,11.5,11.5,11.4,1756
1519340400,11.45,11.45,11.45,11.45,1
1519599600,11.4,11.1,11.4,11.1,706
1519686000,11.65,11.2,11.65,11.2,315
1519772400,11.95,11.95,11.95,11.95,11
1519858800,11.6,11.55,11.6,11.3,115
1519945200,11.5,11.6,11.85,11.1,772
1520204400,11.4,11.4,11.4,11,2619
1520290800,11.4,11.4,11.4,10.85,4653
1520377200,11.25,11.95,11.95,11.25,6491
1520463600,12,12.6,13.1,12,4742
1520550000,13.1,12.9,13.1,12.5,1994
1520809200,13.45,13.35,13.45,13.35,136
1520895600,13.35,14.4,14.4,12.75,5242
1520982000,14.4,14.2,14.4,13.15,2506
1521068400,14,14,14,13.8,602
1521154800,13.6,13.4,13.9,13.3,1551
1521414000,13.55,13,13.55,13,586
1521500400,13.55,13.55,13.55,13.55,1
1521586800,13.5,12.9,13.5,12.9,61
1521673200,13.1,12.5,13.1,12.5,453
1521759600,12.8,12.75,12.8,12.1,9099
1522015200,12.75,12.75,12.75,12.75,1
1522101600,12.75,12.4,12.75,11.7,906
1522188000,11.9,11.6,12.05,11.6,969
1522274400,12.35,12.7,12.7,11.7,10859
1522706400,12.1,12.3,12.7,12.1,3187
1522792800,12.7,12.7,12.7,12.7,1
1522879200,12.35,12.35,12.35,12.35,10
1522965600,12.7,12.65,13.25,12.35,7186
1523224800,13.2,13.2,13.2,13.15,182
1523311200,13,13,13,13,120
1523397600,13.2,12.1,13.2,11.9,4043
1523484000,12.1,12.85,12.85,12,2100
1523570400,12.9,12.95,12.95,12.9,100
1523829600,13.05,13.15,13.2,12.9,683
1523916000,13.05,12.95,13.25,12.95,3910
1524002400,13.25,13.25,13.25,13.25,1
1524088800,13.25,12.95,13.25,12.95,851
1524175200,13.2,12.85,13.25,12.85,992
1524434400,13.2,13.2,13.2,13.2,1
1524520800,13.2,13.2,13.2,13.2,1
1524607200,13.2,13.2,13.2,13.2,1
1524693600,13.2,12.75,13.2,12.75,1103
1524780000,13.2,13,13.2,13,11
1525039200,13.2,13.2,13.2,13.2,1
1525212000,13.1,12.9,13.1,12.4,410
1525384800,12.8,13.2,13.2,12.7,774
1525644000,13.2,11.8,13.2,11.8,11143
1525730400,12.45,11.95,12.45,11.95,22
1525816800,11.9,11.9,11.9,11.9,1
1525903200,11.9,11.9,11.9,11.9,1
1525989600,12,12,12,11.5,375
1526248800,12,11.15,12,11.1,1205
1526335200,11.6,11.6,11.6,11.6,1
1526421600,11.6,11.6,11.6,11.6,1
1526508000,11.6,11.1,11.6,11.1,202
1526594400,11.4,11.35,11.4,11.35,101
1526853600,11.35,11.6,11.6,11.35,112
1526940000,11.6,11.2,11.6,11.2,181
1527026400,11.6,11.6,11.6,11.6,1
1527112800,11.5,11.5,11.5,11.45,512
1527199200,11.6,11.6,11.6,11.6,86
1527458400,11.5,11.5,11.5,11.5,1
1527544800,11.5,11.5,11.5,11.1,549
1527631200,11.5,11.4,12.4,11.4,5574
1527804000,11.6,11.3,11.6,11.3,579
1528063200,11.55,10.85,11.55,10.85,2952
1528149600,10.8,10.85,10.85,10.8,219
1528236000,11.4,11.15,11.4,10.9,2270
1528322400,11.2,11,11.2,11,91
1528408800,11,11.1,11.1,11,97
1528668000,11,11,11,11,81
1528754400,11,11,11.2,11,1901
1528840800,11.4,11.5,11.5,11.3,901
1528927200,11,11.4,11.4,10.9,5090
1529013600,11.4,11.4,11.4,11.4,1
1529272800,11.2,11,11.2,10.75,1330
1529359200,11.2,10.5,11.2,10.5,2901
1529445600,11.2,11,11.2,10.3,3101
1529532000,11,11,11,11,1
1529618400,11,10.9,11,10.7,601
1529877600,11,11,11,11,1
1529964000,11,11,11,11,1
1530050400,11,10.8,11,10.8,116
1530136800,10.8,10.8,10.8,10.8,1
1530223200,10.8,10.8,10.8,10.8,1
1530482400,10.7,10.7,10.7,10.4,132
1530568800,10.7,10.3,10.7,9.82,850
1530655200,10.7,10.7,10.7,10.7,1
1530741600,10.7,10.3,10.7,10.3,50
1530828000,10.7,10.7,10.7,10.7,1
1531087200,10.7,10.7,10.7,10.05,1908
1531173600,10.7,10.3,10.7,10.2,628
1531260000,10,10,10.7,10,1252
1531346400,10.4,10,10.4,10,781
1531432800,10.1,10.1,10.1,10.1,99
1531692000,10.7,10,10.7,10,349
1531778400,10.7,10.35,10.7,10.35,301
1531864800,10.6,10.6,10.6,10.6,1
1531951200,10.6,10.6,10.6,10.6,1
1532037600,10.6,10.6,10.6,10.6,1
1532296800,10.1,10.6,10.6,10.1,40
1532383200,10.4,10.4,10.4,10.4,1
1532469600,10.4,10.4,10.4,10.1,82
1532556000,10.1,10.1,10.1,10,3808
1532642400,10,10.1,10.1,9.86,162
1532901600,10.1,9.86,10.1,9.86,268
1532988000,10.1,9.8,10.1,9.8,301
1533074400,10.1,10.1,10.1,10.1,1
1533160800,10.1,10.3,10.3,9.7,4499
1533247200,10.3,10.3,10.3,10.3,10
1533506400,10.3,10.3,10.3,10.3,1
1533592800,10.3,10.3,10.3,10.3,1
1533679200,10.3,10.05,10.3,10,228
1533765600,10.3,9.62,10.3,9.62,212
1533852000,10.05,10.05,10.05,10.05,1
1534111200,10.05,10.05,10.05,10.05,1
1534197600,10,10,10,10,1
1534370400,10,10,10,10,11
1534456800,10,9.6,10,9.6,401
1534716000,9.96,9.6,9.96,9.46,1362
1534802400,9.76,9.86,9.86,9.66,1749
1534888800,9.96,10.05,10.5,9.96,1500
1534975200,10.5,10.5,10.5,10.15,749
1535061600,10.25,10.05,10.25,10.05,83
1535320800,10.5,10.3,10.5,10.3,826
1535407200,10.5,11.1,11.3,10.5,2639
1535493600,11.3,11.85,12.1,11.3,3233
1535580000,12.35,12,13,11.85,3058
1535666400,12,12.3,12.55,11.9,1562
1535925600,12.6,12.6,12.6,12.6,1
1536012000,12.4,11.55,12.4,11.55,1742
1536098400,12.6,12.6,12.6,12.6,1
1536184800,12.6,12.3,13,11.4,10419
1536271200,12.3,11.75,12.3,11.75,648
1536530400,12.3,12.3,12.3,12.3,1
1536616800,11.75,12,12,11.75,47
1536703200,12,11.3,12,11.3,43
1536789600,12,12,12,11.3,2002
1536876000,12,12,12,12,1
1537135200,12,12,12,12,1
1537221600,11.55,12,12,11.55,398
1537308000,0,12,12,12,0
1537394400,11.2,10.8,11.55,10.8,107
1537480800,11.55,11.55,11.55,11.55,1
1537740000,11.55,11.55,11.55,11.55,1
1537826400,11.5,11.5,11.5,11.5,1
1537912800,11.4,11.55,11.55,11.4,11
1537999200,11.55,11.55,11.55,11.55,1
1538085600,11.5,11.5,11.5,11.5,1
1538344800,11.55,11.55,11.55,11.55,1
1538431200,11.2,11.2,11.2,11.15,1002
1538517600,11.2,11.2,11.2,11.2,1
1538604000,11.2,11.2,11.2,11.2,1
1538690400,11.2,11.2,11.2,11.2,1
1538949600,11.2,11.2,11.2,10.8,263
1539036000,11.2,11.2,11.2,11.2,1
1539122400,11.2,11.2,11.2,11.2,1
1539208800,11.2,11.2,11.2,10.7,270
1539295200,11.2,11.1,11.2,10.7,88
1539554400,11,10.5,11,10.5,2820
1539640800,11.2,11.2,11.2,11.2,1
1539727200,11.2,11,11.2,10.95,492
1539813600,11.2,10.8,11.2,10.55,1002
1539900000,10.8,11.2,11.2,10.8,100
1540159200,10.9,10.9,10.9,10.9,1
1540245600,10.9,10.9,10.9,10.9,1
1540332000,10.9,10.9,10.9,10.9,1
1540418400,10.9,10.85,10.9,10.5,55
1540504800,10.85,10.9,10.9,10.45,160
1540767600,10.9,10.8,10.9,10.45,492
1540854000,10.2,10.9,10.9,10.2,1312
1540940400,10.9,10.9,10.9,10.7,68
1541113200,10.9,10.9,10.9,10.9,1
1541372400,10.9,10.9,10.9,10.9,1
1541458800,10.9,10.9,10.9,10.3,22
1541545200,10.9,10.9,10.9,9.96,5409
1541631600,10.35,11.9,11.9,10.35,2841
1541718000,11,11.7,11.7,11,1592
1542063600,11.7,11,11.7,11,267
1542150000,11.6,11.6,11.6,11.6,1
1542236400,11.3,11.3,11.3,11.3,1
1542322800,11.1,11.1,11.1,11.1,1
1542582000,11.1,11.1,11.1,10.6,644
1542668400,11.1,9.8,11.1,9.8,8450
1542754800,10.75,10.7,10.75,10.7,4
1542841200,10.5,10.5,10.5,10.5,1
1542927600,10.7,10.7,10.7,10.7,1
1543186800,10.65,10.65,10.65,10.65,11
1543273200,10.35,10.65,10.65,10.35,21
1543359600,10.65,10.65,10.65,10.35,302
1543446000,10,10.7,10.7,9.86,2305
1543532400,10.7,10.7,10.7,10.25,70
1543791600,10.65,10.7,10.7,10,874
1543878000,10.7,10.7,10.7,9.8,2747
1543964400,10.7,10.7,10.7,10.7,1
1544050800,10.7,10.7,10.7,10.7,1
1544137200,10.5,10.15,10.5,10.15,151
1544396400,10.5,10.5,10.5,10.5,1
1544482800,10.5,10.5,10.5,10.5,1
1544569200,10.5,10.5,10.5,9.72,297
1544655600,10.5,10.5,10.5,9.68,111
1544742000,10.5,10.5,10.5,10.5,22
1545001200,10.5,10.5,10.5,10.5,1
1545087600,10.5,10.5,10.5,10.5,1
1545174000,10.5,10.5,10.5,9.7,104
1545260400,10.3,10.5,10.5,10.2,636
1545346800,10.45,10.2,10.45,10.2,2001
1545865200,10,8.88,10,8.88,19941
1545951600,9,7.8,9.46,7.5,15554
1546383600,8.4,8.4,8.4,7.9,1414
1546470000,8.1,8.2,8.2,8.1,691
1546556400,8.38,7.88,8.38,7.78,4074
1546815600,7.88,7.98,7.98,7.88,1588
1546902000,8.06,8.42,8.7,8.06,8059
1546988400,8.5,8.5,8.5,7.9,5611
1547074800,9.26,8.2,9.26,8.18,1368
1547161200,8.4,8.64,8.64,8.1,2658
1547420400,8.6,10.2,10.25,8.56,4473
1547506800,9.56,9.8,9.8,9.56,777
1547593200,10.15,9.78,10.15,9.4,1272
1547679600,10.15,10.15,10.15,10.15,1
1547766000,10.1,9.48,10.1,9.26,4427
1548025200,9.98,9.76,9.98,9.02,777
1548111600,9.5,8.4,9.5,7.94,26438
1548198000,8.64,8.28,8.64,8.28,1109
1548284400,8.1,8.64,8.64,8.02,2445
1548370800,8.6,8.3,8.62,8.06,1762
1548630000,8.58,8.04,8.58,8.04,412
1548716400,7.94,8.18,8.28,7.94,815
1548802800,8.16,8.16,8.16,8.16,151
1548889200,8.2,8.2,8.2,8.2,2
1548975600,8.2,8.2,8.2,8.2,1
1549234800,8,8.2,8.2,8,96
1549321200,8.2,8.2,8.2,8.2,2
1549407600,8.2,8.2,8.2,8.2,2
1549494000,8.2,8.2,8.2,8.2,2
1549580400,8.18,8.18,8.18,8.18,2
1549839600,8.14,8.16,8.16,7.9,346
1549926000,8.14,8.12,8.14,7.8,954
1550012400,8.12,7.7,8.12,7.7,1896
1550098800,8.06,8.06,8.06,7.9,283
1550185200,8.06,8.06,8.06,8.06,2
1550444400,8.06,8.48,8.48,8.06,2664
1550530800,8.9,8.3,8.9,8.3,1692
1550617200,8.4,9,9,8.4,2883
1550703600,9,8.76,9.24,8.76,3796
1550790000,9.2,9.2,9.2,9.2,3
1551049200,8.7,8.68,9.2,8.68,1444
1551135600,9.12,9.12,9.12,9.12,10
1551222000,8.8,8.5,8.8,8.5,132
1551308400,8.8,8.18,8.8,8.02,2204
1551394800,8.1,8.26,8.26,8.1,852
1551654000,8.5,9,9.18,8.48,5542
1551740400,9.16,9.16,9.16,9.16,2
1551826800,9.18,9.16,9.18,9.16,47
1551913200,9.18,9.18,9.18,9.18,2
1551999600,9.2,9.2,9.2,9.2,130
1552258800,9.16,9.2,9.24,9.16,132
1552345200,9.48,9.48,9.48,9.48,57
1552431600,9.48,8.9,9.48,8.9,363
1552518000,9.48,9.48,9.48,9.48,3
1552604400,9.1,9.1,9.1,9.1,2
1552863600,9.16,9.16,9.16,9.14,284
1552950000,9.16,8.94,9.16,8.94,73
1553036400,0,8.94,8.94,8.94,0
1553122800,9.5,9.5,9.5,9.5,2
1553209200,9.48,9.48,9.48,9.48,2
1553468400,9.48,9.48,9.48,9.48,2
1553554800,9.48,9.18,9.48,9.18,16
1553641200,9.48,9.48,9.48,8.82,107
1553727600,9.48,9.48,9.48,9.48,10
1553814000,9.46,9.46,9.46,9.46,2
1554069600,9.9,9.9,9.9,9.9,3
1554156000,9.85,9.85,9.85,9.5,59
1554242400,9.8,9.55,9.8,9.55,238
1554328800,9.85,9.85,9.85,9.85,3
1554415200,9.5,9.85,9.85,9.5,3663
1554674400,10.4,9.8,10.4,9.8,1352
1554760800,10,9.85,10,9.45,806
1554847200,9.85,9.85,9.85,9.85,5
1554933600,9.85,9.85,9.85,9.85,3
1555020000,9.85,9.85,9.85,9,1530
1555279200,9.85,9.85,9.85,9.85,3
1555365600,9.85,9.55,9.85,9.4,703
1555452000,9.8,9.15,9.8,9.15,14
1555538400,9.8,8.85,9.8,8.85,1442
1555970400,8.85,9,9,8.85,1212
1556056800,9,8.9,9,8.85,518
1556143200,8.85,8.85,8.85,8.85,300
1556229600,9.5,8.95,9.5,8.95,521
1556488800,9.5,9,9.5,9,242
1556575200,8.8,8.8,9.5,8.8,2850
1556748000,9.3,9,9.3,9,802
1557093600,9.3,8.9,9.3,8.9,503
1557180000,9.05,9.05,9.05,9.05,2
1557266400,9.05,9.05,9.05,9.05,3
1557352800,9.05,8.4,9.05,8.4,1981
1557439200,8.55,8.45,8.55,8.2,812
1557698400,0,8.45,8.45,8.45,0
1557784800,8.4,8.7,8.7,8.2,2521
1557871200,8.7,8.45,8.7,8.45,153
1557957600,8.7,8.1,8.7,7.75,1493
1558044000,8.7,8.7,8.7,8.25,90
1558303200,8.7,8.7,8.7,8.7,5
1558389600,8.7,8.7,8.7,8.7,2
1558476000,8.7,8.7,8.7,8.7,3
1558562400,8.7,8.1,8.7,7.85,1174
1558648800,8.1,8.1,8.1,7.7,1471
1558908000,8.1,8.1,8.1,7.8,408
1558994400,8.3,8.3,8.3,8.3,500
1559080800,8.3,8.3,8.3,7.6,122
1559167200,8.3,8.3,8.3,8.3,2
1559253600,8,8,8,8,93
1559512800,8,8,8,8,2
1559599200,8,8,8,8,2
1559685600,8,8,8,8,2
1559772000,8,8,8,8,95
1559858400,8,7.7,8,7.7,1637
1560117600,8,8,8,7.75,985
1560204000,8,8,8,8,2
1560290400,8,8,8,8,100
1560376800,8,8,8,8,2
1560463200,8,8,8,8,2
1560722400,8,8,8,8,2
1560808800,8,8,8,8,2
1560895200,8,8,8,8,2
1561068000,8,8,8,8,2
1561327200,8,8,8,7.95,665
1561413600,8.3,8.3,8.3,8.3,2
1561500000,8.3,8.3,8.3,8.3,2
1561586400,8.3,8.3,8.3,7.7,232
1561672800,8.3,8.3,8.3,8.3,2
1561932000,8.3,8.3,8.3,8.3,2
1562018400,8.2,8.2,8.2,7.75,432
1562104800,8.15,9.95,10,7.9,19876
1562191200,9.8,9.5,9.8,9.3,6532
1562277600,9.45,9.4,9.6,9.4,2532
1562536800,9.5,9.8,10.2,9.5,14105
1562623200,10.2,9.9,10.3,9.8,8954
1562709600,10.3,10.5,10.5,9.9,3122
1562796000,10.8,10.1,10.8,10.1,502
1562882400,10.6,11,11,10.1,15772
1563141600,11,10.2,11,10.2,102
1563228000,11,10.2,11,10.2,2103
1563314400,10.7,10.3,10.7,10.3,632
1563400800,10.4,10.1,10.4,10,5986
1563487200,10.2,10.1,10.2,10.1,2409
1563746400,10.7,10.2,10.7,10.1,1902
1563832800,10.1,10.7,11.1,10.1,11156
1563919200,10.7,10.7,10.7,10.7,2
1564005600,10.7,10.8,11.4,10.6,7462
1564092000,11.2,10.6,11.2,10.6,2420
1564351200,10.7,10.7,11.4,10.7,2226
1564437600,10.9,10.9,10.9,10.9,2
1564524000,11,10.8,11,10.6,2214
1564610400,10.8,10.8,10.8,10.5,758
1564696800,10.5,11.2,11.4,10.5,6040
1564956000,11.4,11.3,11.4,11,5885
1565042400,11.3,11.3,11.5,11.3,4501
1565128800,11.4,11,11.5,11,2236
1565215200,11,11.4,11.4,11,2555
1565301600,11.3,11.4,11.4,11.3,191
1565560800,11.3,11.4,11.9,11.3,13874
1565647200,11.9,11.1,11.9,11,9114
1565733600,11.5,11.2,11.5,10.7,2271
1565906400,11.4,11.4,11.4,11.1,3675
1566165600,11.4,11.2,11.4,11.2,60
1566252000,11.2,10.9,11.2,10.9,781
1566338400,10.8,11.1,11.1,10.6,1875
1566424800,11.1,10.7,11.1,10.7,292
1566511200,10.6,10.6,10.7,10.6,1494
1566770400,10.5,10.7,10.7,10.5,1052
1566856800,10.7,10.7,10.7,10.5,302
1566943200,10.7,10.7,10.7,10.5,539
1567029600,10.7,10.5,10.7,10.5,617
1567116000,10.7,10.5,10.7,10.4,2498
1567375200,10.5,10.6,10.6,10.4,3952
1567461600,10.6,10.5,10.6,10.4,4551
1567548000,10.5,10.5,10.6,10.4,47586
1567634400,10.6,10.4,10.6,10.4,16314
1567720800,10.4,10.5,10.5,10.4,12813
1567980000,10.5,10.5,10.8,10.5,576
1568066400,10.5,10.6,10.6,10.4,2675
1568152800,10.6,10.6,10.6,10.5,1099
1568239200,10.6,10.7,10.7,10.6,10611
1568325600,10.6,10.7,10.7,10.6,225
1568584800,10.7,10.7,10.7,10.7,1
1568671200,10.7,10.7,10.7,10.6,417
1568757600,10.7,11,11.2,10.6,4621
1568844000,11.2,11.2,11.2,11.2,2
1568930400,10.7,10.9,11,10.6,7571
1569189600,10.9,11,11.5,10.9,1130
1569276000,11,10.9,11,10.9,692
1569362400,11,10.9,11,10.9,184
1569448800,11,10.9,11,10.4,726
1569535200,11,10.9,11,10.4,511
1569794400,11.2,11.1,11.2,11,3830
1569880800,11.4,11.4,11.4,11.4,2
1569967200,11.4,11.4,11.4,11.4,2
1570053600,11.4,11.4,11.4,11.4,2
1570140000,11.2,11.2,11.2,11.2,2
1570399200,11.4,11.4,11.4,11.4,1
1570485600,11.4,10.3,11.4,10.3,13052
1570572000,11.2,11.2,11.2,11.2,10
1570658400,11.3,11.3,11.3,11.3,2
1570744800,11.3,10.6,11.3,10.6,12
1571004000,11.3,10.2,11.3,10.2,778
1571090400,10.2,11.1,11.1,10.2,2304
1571176800,11.1,10.6,11.1,10.6,7
1571263200,11.1,11,11.1,10.1,2486
1571349600,11,10.8,11,10.1,604
1571608800,10.8,11.3,11.3,10.5,1504
1571695200,11.3,11.3,11.3,11.3,2
1571781600,11,11,11,11,2
1571868000,11,11,11,11,2
1571954400,10.5,10.5,10.5,10.5,30
1572217200,11.3,10.5,11.3,10.2,2537
1572303600,10.8,10.4,10.8,10.4,45
1572390000,11,10.5,11,10.1,3089
1572476400,10.5,10.5,10.5,10.1,957
1572822000,10.5,10.5,10.5,10.5,2
1572908400,10.5,10.5,10.5,10.5,2
1572994800,10.3,10.2,10.5,9.3,5100
1573081200,10.4,10.2,10.4,9.8,768
1573167600,10.2,10.3,10.5,9.9,5100
1573513200,11,11,11,11,2
1573599600,10.8,10.8,10.8,10.8,130
1573686000,10.8,10.8,10.8,10.8,2
1573772400,10.8,9.85,10.8,9.8,5867
1574031600,10.1,9.8,10.1,9.8,510
1574118000,10.3,9.85,10.3,9.65,2505
1574204400,10.3,10.3,10.3,10.3,2
1574290800,10.3,10.3,10.3,10.3,2
1574377200,10.3,10.3,10.3,9.7,2306
1574636400,10.3,10.3,10.3,10.3,2
1574722800,10.2,10.2,10.2,10.2,2
1574809200,10.2,10.2,10.2,10.2,2
1574895600,10.2,9.9,10.2,9.6,1402
1574982000,9.7,9.9,10.4,9.6,1161
1575241200,9.9,9.9,9.9,9.9,2
1575327600,9.9,9.9,9.9,9.5,1706
1575414000,9.9,9.9,9.9,9.9,2
1575500400,9.9,9.5,9.9,9.2,1102
1575586800,9.4,9.4,9.4,9.4,2
1575846000,9.5,9.5,9.5,9.5,2
1575932400,9.3,9.3,9.3,9.3,89
1576018800,9.4,9.4,9.4,9.4,2
1576105200,9.4,9.4,9.4,9.4,2
1576191600,9.4,9.4,9.4,9.4,2
1576450800,9.4,9.5,9.5,9.4,354
1576537200,10.2,9.25,10.2,9.25,4
1576623600,10.1,9.6,10.1,9.6,222
1576710000,9.6,9.8,9.8,9.4,992
1576796400,9.65,9.65,9.65,9.65,2
1577055600,9.65,9.35,9.65,9,1503
1577401200,9.35,9.35,9.35,9.05,842
1577660400,9.35,9.35,9.35,9.35,212
1577919600,9.2,9.2,9.2,9.2,250
1578006000,9.3,9.15,9.3,8.85,927
1578351600,9.15,9.7,10,9.15,4806
1578438000,9.65,9.8,10,9.65,2921
1578524400,10,10,10,10,2
1578610800,10,9.65,10,9.65,352
1578870000,10,9.65,10,9.5,3641
1578956400,10,9.35,10,9.2,1832
1579042800,10,10,10,10,2
1579129200,9.7,9.7,9.7,9.7,2
1579215600,9.7,9.7,9.7,9.4,252
1579474800,9.7,9.7,9.7,9.7,2
1579561200,9.35,9.35,9.6,9.35,238
1579647600,9.65,9.3,9.65,9.3,21
1579734000,9.6,9.6,9.6,9.6,2
1579820400,9.6,9.3,9.6,9.3,247
1580079600,9.7,9.6,9.7,9.2,5
1580166000,9.6,9.6,9.6,9.6,2
1580252400,9.6,9.6,9.6,9.6,2
1580338800,9.6,9.6,9.6,9.6,2
1580425200,9.6,9.6,9.6,9.6,2
1580684400,9.6,9.6,9.6,9.6,2
1580770800,9.6,9.05,9.6,9.05,257
1580857200,9.6,9.45,9.65,9.45,3423
1580943600,9.8,9.55,9.8,9.55,52
1581030000,9.7,9.6,9.7,9.6,792
1581289200,9.8,9.8,9.8,9.8,2
1581375600,9.8,9.8,9.8,9.8,6
1581462000,9.8,9.75,9.8,9.4,206
1581548400,9.8,9.8,9.8,9.8,8
1581634800,9.8,9.5,9.8,9.3,1191
1581894000,9.5,9.45,9.5,9,825
1581980400,9.5,9.5,9.5,9.5,1
1582066800,9.5,9.5,9.5,9.5,8
1582153200,9.5,9.5,9.5,9.5,2
1582239600,9.5,9.5,9.5,9.5,2
1582498800,9.5,9.05,9.5,8.9,3687
1582585200,9.5,9.3,9.5,8.9,975
1582671600,9.4,9.35,9.4,9.05,842
1582758000,9.35,8.95,9.35,8.95,215
1582844400,9.4,9.05,9.4,8.95,1569
1583103600,9.5,9.1,9.5,9.1,222
1583190000,9.5,9.5,9.5,9.5,2
1583276400,9.5,9.25,9.5,9,63
1583362800,9.25,9.25,9.25,9.25,2
1583449200,9.25,9.25,9.25,9.25,2
1583708400,9.25,8,9.25,8,3191
1583794800,8.6,8.25,8.6,8.25,544
1583881200,8,8.2,8.35,7.9,4864
1583967600,7.9,8,8.15,6.7,557
1584054000,8,7.3,9.1,7.2,3526
1584313200,7.3,6.6,7.85,6.6,3944
1584399600,6.95,6.95,6.95,6.6,1925
1584486000,6.95,6.95,6.95,6.95,162
1584572400,6.5,6.7,6.7,6.5,128
1584658800,6.75,6.7,6.8,6.7,2043
1584918000,6.7,6.7,6.7,6.7,2
1585004400,7,7,7,7,2
1585090800,7,7,7,7,2
1585177200,7,7.2,7.2,7,2211
1585263600,7.2,7.9,7.9,6.95,2578
1585519200,7.9,7.9,7.9,7.9,2
1585605600,7.9,8.9,8.9,7.3,4211
1585692000,8.9,9.3,10.7,8.9,16497
1585778400,9.3,8.5,10.2,8.5,14429
1585864800,9.3,9.15,9.3,9.15,23
1586124000,9.1,8.6,9.1,8.5,957
1586210400,9,8.1,9,8.1,5476
1586296800,8.3,7.9,8.3,7.8,4122
1586383200,8.3,8.3,8.3,7.7,314
1586815200,7.8,7.95,8.1,7.7,5280
1586901600,8.3,8.1,8.3,8.1,1145
1586988000,8.3,8.2,8.3,8.2,623
1587074400,8.3,8.25,8.3,8.25,36
1587333600,8.3,8.15,8.3,8.1,5451
1587420000,7.6,8.15,8.25,7.6,4664
1587506400,7.9,7.9,7.9,7.8,2897
1587592800,8.5,7.9,8.5,7.75,3125
1587679200,8.5,7.9,8.5,7.9,232
1587938400,8.5,8.5,8.5,7.7,3541
1588024800,8.5,8.05,8.5,7.7,4579
1588111200,8.4,8.5,8.5,8.05,2602
1588197600,8.5,8.5,8.5,8.5,2
1588543200,8.5,8.5,8.5,8.5,502
1588629600,8.5,8.4,8.5,8.4,102
1588716000,8.4,8.2,8.4,8.15,552
1588802400,8.25,8.1,8.4,8.1,1678
1588888800,8.35,8.35,8.35,8.25,1058
1589148000,8.35,8.35,8.35,8.35,2
1589234400,8.35,8.35,8.35,8.35,2
1589320800,8.35,8.35,8.35,8.35,2
1589407200,8.35,8.35,8.35,8.35,2
1589493600,8.35,8.35,8.35,8.35,2
1589752800,8.25,8.25,8.25,8.25,292
1589839200,8.25,8.3,8.3,8.25,3904
1589925600,8.35,8.35,8.35,8.35,2
1590012000,8.35,8.1,8.35,8.1,110
1590098400,8.35,8.35,8.35,8.35,2
1590357600,8.35,8.2,8.35,8.2,1158
1590444000,8.4,8.4,8.4,8.4,102
1590530400,8.35,8.35,8.35,8.35,2
1590616800,8.4,8.95,8.95,8.4,4819
1590703200,8.95,8.8,9,8.8,3425
1590962400,9,8.95,9,8.95,112
1591048800,8.9,8.65,8.9,8.65,285
1591135200,9,8.9,9,8.9,649
1591221600,9,10,10.7,9,3795
1591308000,9.05,9.7,9.7,9.05,82
1591567200,9.05,9.6,9.6,9.05,2002
1591653600,10,10,10,10,2
1591740000,10,9.9,10,9.55,1340
1591912800,10.5,9.55,10.5,9.55,847
1592172000,9.9,9.9,9.9,9.9,2
1592258400,9.9,9.6,9.9,9.6,1325
1592344800,9.9,9.6,9.9,9.6,40
1592431200,9.9,10,10,9.9,2853
1592517600,10.5,9.95,10.5,9.9,1043
1592776800,10.2,9.95,10.2,9.95,1232
1592863200,9.95,9.95,9.95,9.95,150
1592949600,10.2,9.8,10.2,9.8,4902
1593036000,10.2,10.2,10.2,10.2,502
1593122400,10.2,9.5,10.2,9.5,32
1593381600,10.2,10.2,10.2,10.2,2
1593468000,10.2,10.4,10.5,9.85,6795
1593554400,9.8,9.85,9.85,9.3,2173
1593640800,10,9.85,10.2,9.85,1350
1593727200,10,10,10,10,38
1593986400,10.2,10,10.4,10,290
1594072800,10.5,10,10.5,9.95,1930
1594159200,10.4,10.4,10.4,10.2,1069
1594245600,10.5,10.3,10.5,10.3,1012
1594332000,10.4,10.5,10.5,10.4,1482
1594591200,10.5,10.7,10.7,10.5,2170
1594677600,10.7,11,11,10.7,1351
1594764000,11.1,11.1,11.1,11.1,2
1594850400,11.1,12.2,12.2,10.8,4100
1594936800,12.2,13.2,13.2,11.2,68124
1595196000,14.9,15.4,16.2,14.8,7537
1595282400,16,15.7,16,15,5196
1595368800,15.5,15.5,15.5,15.5,1105
1595455200,15.5,15.1,15.5,14.4,2296
1595541600,15.5,14.9,15.5,14.4,543
1595800800,15,13.8,15,13.7,1278
1595887200,13.8,13,13.8,13,987
1595973600,13.1,12.4,13.1,11.8,2160
1596060000,12.7,12,12.7,11.4,3697
1596146400,12.1,11.7,12.1,11.4,971
1596405600,12.1,13.3,13.3,11.8,4409
1596492000,14,12.9,14,12.9,954
1596578400,13.8,12.9,13.8,12.6,1975
1596664800,13.8,12.8,13.8,12.8,716
1596751200,13.2,13.1,13.2,12.6,292
1597010400,13.1,13.1,13.1,13.1,242
1597096800,13.1,12.6,13.1,12.6,130
1597183200,12.5,12.1,12.5,12,1846
1597269600,12.2,12.2,12.2,12.2,2
1597356000,12.2,11,12.2,11,2628
1597615200,11.9,11.8,11.9,11.4,106
1597701600,11.6,11.6,11.6,11.6,302
1597788000,11.6,11.4,11.6,11.4,114
1597874400,11,11.5,11.6,10.1,1113
1597960800,11.6,11.6,11.6,11.6,1
1598220000,11.6,11.6,11.6,11.6,2
1598306400,11.6,11.6,11.6,11.6,2
1598392800,11.6,11.6,11.6,11.6,2
1598479200,11.6,11.5,11.6,11,702
1598565600,11.6,11.6,11.6,11.6,2
1598824800,11.6,11.5,11.6,11.5,166
1598911200,11.6,11,11.6,11,784
1598997600,11.6,11.6,11.6,10.6,1197
1599084000,11.6,11,11.6,10.6,952
1599170400,11.1,11.1,11.1,11.1,2
1599429600,11.1,11.1,11.1,11.1,2
1599516000,11,10.6,11,10.6,711
1599602400,10.4,10.7,11,10.3,402
1599688800,11,10.8,11,10.7,2348
1599775200,11,11,11,11,2
1600034400,10.9,10.5,10.9,10.5,486
1600120800,10.9,10.3,10.9,10.3,604
1600207200,10.9,10.7,10.9,10.5,719
1600293600,10.4,10.4,10.4,10.4,555
1600380000,10.7,10.7,10.7,10.7,2
1600639200,10.7,10.7,10.7,10.7,2
1600725600,10.7,10.7,10.7,10.7,2
1600812000,10.7,10.6,10.7,10.3,953
1600898400,10.5,10.3,10.6,10.3,379
1600984800,10.9,10.9,10.9,10.9,2
1601244000,10.9,10.6,10.9,10.6,659
1601330400,10.8,10.4,11.5,10.4,6090
1601416800,10.7,10.9,11.1,10.7,2253
1601503200,10.9,11.1,11.1,10.9,1202
1601589600,11,9.9,11,9.9,161
1601848800,11,10.8,11,10.8,310
1601935200,10.8,10.8,10.8,10.8,112
1602021600,11,11,11,11,2
1602108000,10.9,10.5,10.9,10.5,850
1602194400,10.4,10.7,11,10.4,331
1602453600,11,10.7,11,10.7,1179
1602540000,11,10.5,11,10.5,952
1602626400,11,11,11,11,2
1602712800,11,10.3,11,10.3,34
1602799200,11,11,11,10.3,135
1603058400,11,11,11,11,2
1603144800,10.3,10.8,10.8,10.3,7
1603231200,10.8,10.6,10.8,10.5,1456
1603317600,10.8,10.3,10.8,10.3,47
1603404000,10.8,10.8,10.8,10.8,2
1603666800,10.8,9.9,10.8,9.9,869
1603753200,10.8,10,10.8,9.9,916
1603839600,10.5,9.8,10.5,9.8,2008
1603926000,10.5,10,10.5,9.65,52
1604012400,10,9.8,10,9.8,1098
1604271600,11,11,11,11,10
1604358000,11,10.2,11,10.2,427
1604444400,10.9,10,10.9,10,795
1604530800,10.9,10.2,10.9,10.2,152
1604617200,10.9,9.75,10.9,9.75,17
1604876400,10.9,10,10.9,10,1897
1604962800,10.2,10.2,10.2,9.9,296
1605135600,10.9,10.3,10.9,10.3,55
1605222000,10.9,10.3,10.9,10.3,102
1605481200,10.3,10.4,10.4,10,677
1605567600,10.3,10.4,10.5,10.3,362
1605654000,10.5,10.5,10.5,10.4,824
1605740400,10.5,10.5,10.5,10.5,2
1605826800,10.5,10.5,10.5,10.5,149
1606086000,10.5,10.1,10.5,10.1,337
1606172400,9.9,10.1,10.1,9.9,250
1606258800,10.5,10.5,10.5,10.5,2
1606345200,10.5,10.3,10.5,10.3,302
1606431600,10.5,9.85,10.5,9.85,2459
1606690800,10.5,10,10.5,9.9,1510
1606777200,10,10,10,10,200
1606863600,10.5,10.5,10.5,9.95,954
1606950000,10.5,10.2,10.5,10.1,641
1607036400,10.3,10.1,10.3,10.1,200
1607295600,10.3,10.3,10.3,10.1,189
1607382000,10.5,10.5,10.5,10.5,2
1607468400,10.5,11,11.2,10.4,3503
1607554800,11.6,11.2,11.6,10.6,1772
1607641200,11.6,10.9,11.6,10.5,1591
1607900400,11,11,11,11,2
1607986800,11,11,11,11,2
1608073200,11,10.9,11,10.9,81
1608159600,11,10.9,11,10.9,98
1608246000,11,10.9,11,10.9,4
1608505200,11,10.4,11,10.4,1000
1608591600,11,11,11,10.4,2505
1608678000,11,10.4,11,10.4,2286
1609110000,11,10.9,11,10.6,1725
1609196400,11,10.7,12,10.7,2916
1609282800,10.7,10.9,10.9,10.7,562
1609714800,10.9,10.5,10.9,10.5,1619
1609801200,10.9,10.9,10.9,10.6,3225
1609974000,10.9,11.6,11.9,10.9,4803
1610060400,12,11.9,12,11.6,6647
1610319600,12,11.8,12,11.8,55
1610406000,12.3,11.5,12.3,11.5,122
1610492400,11.8,11,11.8,11,1566
1610578800,11.8,10.9,11.8,10.9,1797
1610665200,11.8,11,11.8,11,22
1610924400,11.8,11,11.8,11,602
1611010800,11.8,11,11.8,11,502
1611097200,11,10.7,11,10.7,1948
1611183600,10.9,10.7,11,10.7,1895
1611270000,11.1,13.5,14.4,11.1,16148
1611529200,13.9,13.5,13.9,12.8,6473
1611615600,13.6,13.3,13.6,13,2430
1611702000,13.3,13.5,13.5,13,2599
1611788400,13.6,13.4,13.6,13,291
1611874800,13.3,13.3,13.3,12.7,1440
1612134000,13.4,13.6,13.6,12.8,1108
1612220400,13.6,13.6,13.6,13.1,224
1612306800,13.6,13.2,13.6,12.9,1276
1612393200,13.3,12.8,13.3,12.8,509
1612479600,12.7,12.7,12.7,12.7,938
1612738800,13,12.7,13,12.5,700
1612825200,13,13,13,13,2
1612911600,13,12.9,13,12.8,229
1612998000,13,12.9,13,12.4,279
1613084400,13,13,13,13,2
1613343600,13,13,13,12.8,811
1613430000,13.2,13.3,13.3,13.1,1452
1613516400,13.1,13.1,13.1,13.1,69
1613602800,13.4,13.2,13.4,13.2,102
1613689200,13.4,13.1,13.4,13.1,6
1613948400,13.4,13.4,13.4,13.4,2
1614034800,13.3,13,13.3,12.8,402
1614121200,13.4,13.4,13.4,13.4,2
1614207600,13.4,12.9,13.4,12.9,201
1614294000,13.4,13,13.4,13,202
1614553200,13.4,13.1,13.4,13,228
1614639600,12.8,13.1,13.1,12.8,1302
1614726000,13.4,14.7,14.7,13.3,1230
1614812400,14.5,14,14.5,13.6,445
1614898800,14,13.9,14,13.6,272
1615158000,13.9,13.9,13.9,13.9,2
1615244400,13.9,13.5,13.9,13.5,658
1615330800,13.5,13.6,13.6,13.5,553
1615417200,13.5,13.3,13.5,13.3,964
1615503600,13.5,13.5,13.6,13.5,3491
1615762800,13.7,14,14,13.5,3471
1615849200,13.5,14.4,14.4,13.5,548
1615935600,14.4,13.9,14.4,13.7,1385
1616022000,13.8,13.8,13.8,13.8,999
1616108400,14,14,14,14,2
1616367600,14,13.6,14,13.6,328
1616454000,14.4,14.4,14.4,14.4,2
1616540400,14.4,14,14.4,14,1002
1616626800,14.3,14.5,14.5,14.3,550
1616713200,14.3,14.4,14.4,14.3,105
1616968800,14.5,15,15.4,14.4,1765
1617055200,15,15,15,14.5,504
1617141600,14.4,14.8,14.9,14.4,721
1617228000,14.8,14.7,14.8,14,969
1617660000,14.7,14.7,14.7,14.7,2
1617746400,14.7,14.6,14.7,14.2,691
1617832800,14.6,14.6,14.6,14.6,2
1617919200,14.7,14.7,14.7,14.7,2
1618178400,14.4,14.5,14.6,14.4,2644
1618264800,14.7,14.4,14.7,14.4,734
1618351200,14.5,14.3,14.5,14.3,222
1618437600,14.4,14.3,14.4,14.3,2934
1618524000,14.5,14.5,14.5,14.5,2
1618783200,14.5,14,14.5,13.9,881
1618869600,14.2,15.4,15.4,14.2,4169
1618956000,15,14.6,15,14.5,915
1619042400,14.6,14.4,15.2,14.4,1619
1619128800,14.8,15.1,15.1,14,3113
1619388000,15.1,15.1,15.1,14.7,1484
1619474400,15.3,15.3,15.3,15.3,2
1619560800,15.3,14.4,15.3,14.4,822
1619647200,14.8,14.2,14.8,14.2,2832
1619733600,14.8,14.4,14.8,14.4,468
1620079200,14.8,14.1,14.8,14.1,3437
1620165600,14.8,14.1,14.8,14,867
1620252000,14.8,14.3,14.8,14.3,3339
1620338400,14.7,14.3,14.7,14.1,3295
1620597600,14.6,14,14.6,14,1619
1620684000,14,14,14.6,13.8,2797
1620770400,14,14.2,14.2,14,1447
1620856800,14,14.3,14.3,13.7,2276
1620943200,14.4,14.2,14.4,13.6,1652
1621202400,14.4,14.1,14.4,13.8,3946
1621288800,14.1,13.5,14.1,13.5,3515
1621375200,13.9,13.3,13.9,13.3,2922
1621461600,13,13.1,13.3,13,1140
1621548000,13.6,13.6,13.6,13.6,358
1621807200,13.9,13.9,13.9,13.9,2
1621893600,13.9,13.7,13.9,13.7,502
1621980000,13.9,13.6,13.9,13.6,278
1622066400,13.9,14.2,14.6,13.6,3152
1622152800,14.7,14.6,14.8,14.2,2306
1622412000,14.7,14.7,14.7,14.7,2
1622498400,14.6,14.6,14.6,14.6,71
1622584800,14.6,14.5,14.6,14.5,89
1622757600,14.6,14.6,14.6,14.4,1212
1623016800,14.7,14.7,14.7,14.6,2893
1623103200,14.8,14.7,14.8,14.7,845
1623189600,14.7,14.7,14.7,14.7,1343
1623276000,14.6,14.7,14.7,14.6,337
1623362400,14.9,14.7,15,14.7,654
1623621600,14.9,14.3,14.9,14.3,1020
1623708000,14.4,14.1,14.4,14.1,1616
1623794400,14.9,14.2,14.9,14.2,352
1623880800,15,14.2,15,14,251
1623967200,15,13.7,15,13.7,1813
1624226400,13.7,13.7,13.7,13.7,1
1624312800,13.7,13.7,13.7,13.7,445
1624399200,13.7,13.6,13.7,13.6,186
1624485600,13.8,13.4,13.8,13,4405
1624572000,13.4,13.2,13.6,13.2,583
1624831200,13.7,13.7,13.7,13.7,2
1624917600,13.6,13.7,13.7,13.4,597
1625004000,13.8,13.7,13.8,13.7,252
1625090400,13.8,13.8,13.8,13.8,2
1625176800,13.8,13.4,13.8,13.2,3183
1625436000,13.7,13.7,13.7,13.7,2
1625522400,13.7,13.7,13.7,13.5,814
1625608800,13.6,13.3,13.6,13.3,111
1625695200,13.4,13.4,13.4,13.4,1
1625781600,13.7,13.7,13.7,13.7,2
1626040800,13.7,13.7,13.7,13.6,898
1626127200,13.7,13.7,13.7,13.7,102
1626213600,13.7,13.7,13.7,13.7,2
1626300000,13.7,13.6,13.7,13.6,147
1626386400,13.6,13.5,13.6,13.5,298
1626645600,13.7,13.3,13.7,13.3,1221
1626732000,13.2,13.5,13.5,13.2,203
1626818400,13.5,13.5,13.5,13.5,29
1626904800,13.5,13.3,13.5,13.3,349
1626991200,13.3,13.3,13.3,13.3,589
1627250400,13.6,13.6,13.6,13.6,2
1627336800,13.6,13.6,13.6,13.6,2
1627423200,13.6,13.1,13.6,13.1,102
1627509600,13.5,13.5,13.5,13.5,102
1627596000,13.5,13.6,13.6,13.5,232
1627855200,13.8,13.8,13.8,13.8,2
1627941600,13.8,13.8,13.8,13.8,10
1628028000,13.6,13.8,13.8,13.6,364
1628114400,13.8,13.8,13.8,13.8,2
1628200800,13.8,13.8,13.8,13.8,2
1628460000,13.8,13.8,13.8,13.8,63
1628546400,14.4,14.4,14.4,14.4,2
1628632800,14.3,13.9,14.3,13.9,223
1628719200,14.3,13.7,14.3,13.7,95
1628805600,14.3,14.3,14.3,14.3,2
1629064800,14.5,14.5,14.5,14.5,139
1629151200,14.5,14.5,14.5,14.5,2
1629237600,14.4,13.8,14.4,13.8,502
1629324000,14.4,13.8,14.4,13.8,502
1629410400,14.3,14.1,14.3,14.1,44
1629669600,14.3,14.2,14.3,14.2,280
1629756000,14.3,14.3,14.3,14.3,2
1629842400,14.3,13.8,14.3,13.8,530
1629928800,14.2,14,14.2,13.9,543
1630015200,14.2,13.9,14.2,13.9,191
1630274400,13.9,13.8,13.9,13.8,160
1630360800,13.9,13.8,13.9,13.8,64
1630447200,13.8,13.8,13.8,13.8,549
1630533600,13.9,13.9,13.9,13.9,2
1630620000,13.9,13.8,13.9,13.7,1934
1630879200,14,13.5,14,13.5,1502
1630965600,14,14,14,13.7,935
1631052000,14,14,14,14,2
1631138400,14,13.8,14,13.8,383
1631224800,14,14,14.7,14,4007
1631484000,14.2,14.1,14.2,14.1,814
1631570400,14.2,13.7,14.2,13.7,1129
1631656800,14.4,14.2,14.4,14.2,10
1631743200,14.4,14.4,14.4,14.4,2
1631829600,14.2,14.2,14.2,14.2,10
1632088800,14.2,13.5,14.2,13.5,1674
1632175200,14.3,14.2,14.3,14.1,1423
1632261600,14.4,14.2,14.4,14.2,202
1632348000,14.4,14.4,14.4,14.4,2
1632434400,14.4,14.4,14.4,14.4,2
1632693600,14.4,14.4,14.4,14.4,2
1632780000,14.4,14.4,14.4,14.4,2
1632866400,14.4,14,14.4,13.8,306
1632952800,14.4,14.3,14.4,14,827
1633039200,14.4,16,16,14,5092
1633298400,16.1,15.9,16.5,15.4,2765
1633384800,16.3,15.9,16.3,15.9,269
1633471200,16.2,15.7,16.2,15.1,1181
1633557600,15.7,15.3,15.7,15.3,142
1633644000,15.7,15.3,15.7,15.3,252
1633903200,15.6,15.9,16,15.6,434
1633989600,16,15.6,16,15.6,78
1634076000,16,16,16,16,2
1634162400,16,16,16,16,2
1634248800,15.9,15.9,15.9,15.9,418
1634508000,15.9,16.2,16.2,15.8,3874
1634594400,16.6,16.1,16.6,16.1,1206
1634680800,16.1,16.1,16.6,16.1,483
1634767200,16.6,16.6,16.6,16.6,418
1634853600,16.5,16.1,16.5,16.1,233
1635112800,16.5,16.1,16.5,16,192
1635199200,16.5,16,16.6,15.4,2301
1635285600,16.6,16,16.6,16,368
1635372000,16.6,16,16.6,16,121
1635458400,16.5,16.1,16.5,16.1,65
1635807600,16.1,16.1,16.1,16.1,80
1635894000,16.5,15.7,16.5,15.5,315
1635980400,16.2,15.7,16.2,15.7,508
1636066800,16.2,16.3,16.3,16.1,1003
1636326000,16.4,16.4,16.4,16.4,260
1636412400,16.5,16.5,16.5,16.5,222
1636498800,16.5,16.5,16.5,16.5,2
1636671600,16.5,16.5,16.5,16.5,2
1636930800,16.5,16.9,17.4,16.5,5771
1637017200,17.3,19,19,17.3,3060
1637103600,19,18.8,20,18.3,3751
1637190000,19.7,17.9,19.8,17.9,3338
1637276400,17.9,18.4,18.6,17.9,65
1637535600,18.4,19.7,19.7,18.4,5230
1637622000,19.7,19.1,19.7,19,462
1637708400,19.4,17.9,19.4,17.9,1507
1637794800,17.9,19.2,19.2,17.8,2360
1637881200,19.1,18.2,19.1,17.7,3439
1638140400,18.2,16.6,18.2,16.6,796
1638226800,17.5,17.8,17.8,17.3,679
1638313200,17.6,17.9,17.9,17.6,190
1638399600,17.9,17.3,17.9,17.3,42
1638486000,17.9,17.9,17.9,17.9,57
1638745200,18.1,18,18.2,18,612
1638831600,18.9,17.8,18.9,17.4,1438
1638918000,18.9,17,18.9,17,522
1639004400,17.5,17.5,17.5,17.5,2
1639090800,17.8,17.1,17.8,17.1,22
1639350000,17.1,17.1,17.1,17,2454
1639436400,16.6,16.8,17,16.6,611
1639522800,16.8,16.6,16.8,16.6,45
1639609200,16.7,16.7,16.7,16.7,50
1639695600,16.7,16.3,16.9,16.3,420
1639954800,16.7,16.7,16.7,16.7,2
1640041200,16.7,16.7,16.7,16.7,2
1640127600,16.7,16.8,16.8,16.4,298
1640214000,18.2,17,18.2,17,472
1640559600,18,16.9,18,16.9,150
1640646000,18,17.6,18,17.6,12
1640732400,16.6,16.8,16.8,16.6,32
1640818800,16.7,17.2,17.2,16.7,872
1641164400,16.7,17,17,16.7,395
1641250800,17,16.7,17,16.7,33
1641337200,17,16.6,17,16.6,348
1641510000,16.6,16.3,16.6,16.3,412
1641769200,16.4,16.4,16.4,16.4,1
1641855600,16.4,16.4,16.4,16.4,1
1641942000,16.9,16.9,16.9,16.9,2
1642028400,16.8,16.3,16.8,16.3,67
1642114800,16.8,17,17,16.7,551
1642374000,16.9,16.9,16.9,16.9,2
1642460400,16.9,16.2,16.9,16.2,318
1642546800,17.2,17.2,17.2,17.2,10
1642633200,17.2,17.2,17.2,17.2,10
1642719600,17.2,17.1,17.2,17.1,25
1642978800,17.2,16.2,17.2,16,508
1643065200,16.8,16,16.8,16,903
1643151600,16,14.7,16,14.4,4176
1643238000,14.7,14.7,15.2,14.7,1566
1643324400,15.4,15.2,15.4,15.2,116
1643583600,15.4,15.2,15.4,15.2,198
1643670000,15.4,15.5,15.5,15.4,692
1643756400,16.9,16.1,16.9,15.6,601
1643842800,16.9,15.6,16.9,15.6,174
1643929200,16.1,15.5,16.1,15.5,22
1644188400,16.1,16.1,16.1,16.1,85
1644274800,16.1,16.1,16.1,16.1,1
1644361200,16.1,16.1,16.1,16.1,1
1644447600,16.1,16.1,16.1,16.1,138
1644534000,16.8,16.4,16.8,15.9,789
1644793200,16.8,16.3,16.8,15.8,2296
1644879600,16.3,16.3,16.3,16.3,468
1644966000,16.8,16.3,16.8,16.3,174
1645052400,16.7,15.7,16.7,15.7,663
1645138800,15.4,15.7,15.8,15.4,1211
1645398000,16,14.5,16,14.4,1592
1645484400,14.6,14.5,14.6,14.4,1254
1645570800,14.6,14.9,14.9,14.3,502
1645657200,14.2,14.9,14.9,12.9,1303
1645743600,15.5,14.6,15.5,14.5,41
1646002800,15.3,14.6,15.3,14.6,210
1646089200,15.4,14.8,15.4,14.7,709
1646175600,15.5,18,18,14.7,9454
1646262000,18,16.4,18,16.4,1958
1646348400,17.5,16,17.5,16,1799
1646607600,16.3,15.5,16.3,15,4012
1646694000,15.9,15,15.9,15,101
1646780400,15.9,15.7,15.9,15.7,252
1646866800,15.9,16,16.2,15.7,727
1646953200,15,15.3,15.4,14.1,3031
1647212400,16.1,16.1,16.1,15.4,621
1647298800,16.2,16.2,16.2,16.2,2
1647385200,16.2,16.2,16.2,16.2,2
1647471600,16.2,15.8,16.2,15.8,192
1647558000,16.2,15.8,16.2,15.8,167
1647817200,15.6,15.8,15.8,15.6,163
1647903600,15.7,15.7,15.7,15.7,224
1647990000,16.1,15.3,16.1,15.3,24
1648076400,15.3,15.9,15.9,15.3,548
1648162800,15.5,15.6,15.6,15.5,549
1648418400,16.1,16.1,16.1,15.5,250
1648504800,16,15.3,16,15.3,363
1648591200,16,16,16,16,10
1648677600,16,16,16,16,402
1648764000,16,15.7,16.3,15.7,1520
1649023200,16.7,16.4,16.7,16.2,504
1649109600,16.4,15.9,16.4,15.9,474
1649196000,16.3,15.7,16.3,15.7,2766
1649282400,15.7,15.7,15.7,15.7,195
1649368800,16,15.7,16,15.7,102
1649628000,16.2,16.2,16.2,16.2,10
1649714400,16.2,15.8,16.2,15.8,7
1649800800,15.8,15.8,15.8,15.8,28
1649887200,16.3,15.7,16.3,15.7,551
1650319200,16.2,15.7,16.2,15.7,181
1650405600,16.2,16.2,16.2,16.2,2
1650492000,16.2,16.2,16.2,16.2,189
1650578400,16.1,15.7,16.1,15.7,565
1650837600,16,16,16,16,2
1650924000,16,16,16,16,2
1651010400,16,15.7,16,15.7,183
1651096800,16,15.7,16,15.7,804
1651183200,16.2,15.7,16.2,15.7,4936
1651442400,16.3,16.1,16.3,16.1,437
1651615200,16.3,16.3,16.3,16.3,2
1651701600,16.3,16.3,16.3,16.3,17
1651788000,16.2,15.7,16.2,15.7,486
1652047200,16.3,15.5,16.3,15.5,697
1652133600,16.3,15.7,16.3,15.7,74
1652220000,16.3,16.3,16.3,16.3,2
1652306400,16.3,16.3,16.3,16.3,2
1652392800,16.3,15.6,16.3,15.6,162
1652652000,16.2,16,16.2,16,65
1652738400,15.3,15.3,15.7,15.3,600
1652824800,16,16,16,16,200
1652911200,16.3,15.9,16.3,15.3,120
1652997600,15.3,16,16,15.3,161
1653256800,16.3,16.3,16.3,16.3,2
1653343200,15.5,15.5,15.5,15.5,93
1653429600,16.3,15.5,16.3,15.5,171
1653516000,16,15.6,16,15.6,66
1653602400,16,16,16,16,10
1653861600,16,16,16,16,2
1653948000,16,15.8,16,15.3,503
1654034400,15.9,15.9,15.9,15.9,2
1654120800,15.2,15.2,15.2,15.2,50
1654207200,15.9,15.9,15.9,15.9,2
1654466400,15.9,15.7,15.9,15.7,445
1654552800,15.9,16,16,15.7,608
1654639200,16.3,16,16.3,15.3,1167
1654725600,16.3,15.7,16.3,15.7,552
1654812000,16.2,15.1,16.2,15.1,1569
1655071200,16,16,16,15.4,3334
1655157600,14.6,15.5,15.9,14.6,1488
1655244000,15.8,14.9,15.8,14.9,582
1655416800,15.5,14.4,15.5,14,1630
1655676000,14.4,14.6,14.6,14.4,110
1655762400,16.2,16.2,16.2,16.2,10
1655848800,16,14.9,16,14.9,70
1655935200,14.8,14.8,14.8,14.8,68
1656021600,15.9,14.9,15.9,14.9,78
1656280800,14.8,14.8,14.8,14.8,2
1656367200,14.8,14.6,16,14.3,643
1656453600,14.8,14.8,14.8,14.8,2
1656540000,14.8,14.4,14.8,14.3,265
1656626400,14.8,14.7,14.8,14.6,262
1656885600,14.8,14.5,14.8,14.5,164
1656972000,14.7,14.2,14.7,14.2,704
1657058400,14.2,13.8,14.7,13.4,1434
1657144800,13.8,13.8,13.8,13.8,97
1657231200,13.9,13.9,13.9,13.8,815
1657490400,14,14,14,14,83
1657576800,14,14,14,14,803
1657663200,14.1,14.1,14.1,14.1,18
1657749600,14.1,14.1,14.1,13.5,734
1657836000,14.1,13.6,14.1,13.6,599
1658095200,14,13.9,14,13.9,36
1658181600,14,14,14,14,5
1658268000,14,14.1,14.1,14,78
1658354400,14.1,13.9,14.1,13.9,93
1658440800,14,14.1,14.1,14,11
1658700000,14,14,14,14,5
1658786400,14,14,14,14,12
1658872800,14,14.2,14.2,14,468
1658959200,14.2,14.2,14.2,14.2,2
1659045600,14.2,14.2,14.2,14.2,2
1659304800,14.2,14,14.2,13.7,450
1659391200,14,14,14,14,2
1659477600,14,14,14,14,2
1659564000,14,14,14,14,2
1659650400,14,14,14,14,2
1659909600,14,14,14,14,10
1659996000,14,13.5,14,13.5,161
1660082400,14,14,14,14,2
1660168800,14,14,14,14,2
1660255200,14,14,14,14,1
1660600800,14,14,14,14,81
1660687200,14.1,14.1,14.1,14.1,652
1660773600,14.2,14.4,14.4,14.2,1404
1660860000,14.5,14.5,14.5,14.2,560
1661119200,14.5,14.4,14.5,14.4,82
1661205600,14.5,14.5,14.5,14.5,2
1661292000,14.5,14.5,14.5,14.5,2
1661378400,14.5,14.5,14.5,14.5,2
1661464800,14.5,14.5,14.5,14.5,2
1661724000,14.2,13.6,14.2,13.6,1901
1661810400,14.5,13.3,14.5,13.3,2566
1661896800,14.5,13.9,14.5,13.1,1678
1661983200,13.9,12.9,13.9,12.9,1733
1662069600,13.9,13.9,13.9,13.9,2
1662328800,13.9,13.7,13.9,13.2,613
1662415200,12.7,13,13.5,12.7,2145
1662501600,13.5,13.5,13.5,13.2,713
1662588000,13.5,13,13.5,13,104
1662674400,13.9,13,13.9,12,973
1662933600,13.9,13.9,13.9,13.9,10
1663020000,13.9,13,13.9,13,24
1663106400,13.9,13.9,13.9,13.9,2
1663192800,13.9,13.9,13.9,13.9,2
1663279200,13.9,14.7,14.7,12.9,264
1663538400,14.6,14.6,14.6,14.6,2
1663624800,14.6,14.6,14.6,14.6,2
1663711200,14.6,14.6,14.6,14.6,2
1663797600,14.6,13.5,14.6,12.9,2323
1663884000,13.4,12.9,13.4,12.9,1330
1664143200,13.2,12.7,13.2,12.1,1130
1664229600,12.6,12.6,12.6,12.6,2
1664316000,12.6,12.6,12.6,12.6,2
1664402400,12.5,12.6,12.6,12,657
1664488800,12.6,12,12.6,12,79
1664748000,11.9,11.7,12.1,11.7,970
1664834400,12.6,12.6,12.6,12.6,2
1664920800,12.6,12.6,12.6,12.6,2
1665007200,12.6,12.6,12.6,12.6,11
1665093600,12.6,12.6,12.6,12.6,2
1665352800,13,12.2,13,12.2,202
1665439200,13,13,13,13,2
1665525600,13,13,13,13,2
1665612000,13,12.1,13,12.1,256
1665698400,12.1,12.1,12.1,12.1,2
1665957600,12.1,11.8,12.1,11.8,4
1666044000,12.1,12.1,12.1,12.1,2
1666130400,12.1,12.2,12.2,12.1,696
1666216800,12.9,12,12.9,12,3
1666303200,12.5,12.5,12.5,12.5,22
1666562400,12.5,12.5,12.5,12.5,3
1666648800,12.5,12.5,12.5,12.5,2
1666735200,12.5,12.3,12.5,12,332
1666821600,12.4,11.5,12.4,11.5,2707
1666908000,12.5,11.6,12.5,11.6,85
1667170800,12.5,11.7,12.5,11.7,6520
1667343600,12.9,11.9,12.9,11.8,2840
1667430000,12,11.8,12,11.6,1315
1667516400,11.8,11.7,11.8,11.7,2003
1667775600,12.3,11.9,12.3,11.9,122
1667862000,12.3,12.3,12.3,12.3,2
1667948400,12.3,12.3,12.3,12.3,2
1668034800,12.3,11.7,12.3,11.7,17
1668380400,12.3,11.8,12.3,11.4,705
1668466800,11.6,11,11.6,11,621
1668553200,11.8,11,11.8,11,100
1668639600,12.2,11.4,12.2,11.4,1305
1668726000,12.2,11.7,12.2,11.7,122
1668985200,12.2,11.7,12.2,11.7,37
1669071600,11.6,11,11.6,11,2211
1669158000,12,11,12,11,372
1669244400,11.1,11.3,11.8,11.1,362
1669330800,11.5,11.5,11.5,11.5,2
1669590000,11.4,11,11.4,11,362
1669676400,11.5,11,11.5,11,642
1669762800,11.2,11,11.2,11,647
1669849200,11.2,11.2,11.2,11.2,6
1669935600,11.1,11,11.1,10.9,650
1670194800,11.2,11,11.2,11,302
1670281200,11.2,11.2,11.2,11.2,4
1670367600,11.2,10.8,11.2,10.8,636
1670454000,11.3,11.2,11.3,10.8,638
1670540400,11.3,11,11.3,10.9,1337
1670799600,11,11,11.1,11,1146
1670886000,11.1,11,11.1,10.9,321
1670972400,11.1,11.3,11.5,11,11036
1671058800,11.1,11.1,11.2,11.1,405
1671145200,11.1,11.1,11.2,11.1,418
1671404400,11.2,11.1,11.2,11.1,2729
1671490800,11.5,11,11.5,11,500
1671577200,11.4,10.9,11.4,10.9,1182
1671663600,10.9,10.9,10.9,10.9,100
1671750000,10.9,11.1,11.1,10.9,302
1672095600,11.2,10.7,11.2,10.7,238
1672182000,10.7,10.7,10.7,10.7,118
1672268400,11.1,11.1,11.1,11.1,968
1672354800,12,12,12,12,3
1672614000,12,11.4,12,11.1,3552
1672700400,11.4,12,12,11.4,43
1672786800,12,11.5,12,11.5,202
1672873200,12,11.9,12,11.8,825
1673218800,12,11.9,12,11.9,227
1673305200,12,11.8,12,11.8,1743
1673391600,12.2,12.2,12.2,12.2,10
1673478000,12.1,12.1,12.1,12.1,122
1673564400,12.1,11.8,12.1,11.8,176
1673823600,12.8,12.3,12.8,12.2,948
1673910000,12.9,12.6,12.9,12.6,1166
1673996400,12.9,12.9,12.9,12.9,2
1674082800,12.9,12.9,12.9,12.9,2
1674169200,12.5,12.5,12.5,12.5,2
1674428400,12.5,12,12.5,12,135
1674514800,12.1,11.9,12.1,11.9,172
1674601200,12.1,12.1,12.1,12.1,2
1674687600,12.1,12.1,12.1,12.1,10
1674774000,12.1,12.1,12.1,12.1,296
1675033200,12.5,12.3,12.5,12.3,186
1675119600,12.5,12.4,12.5,12.4,32
1675206000,12.9,12.4,12.9,12.4,382
1675292400,12.9,12.9,12.9,12.9,2
1675378800,12.3,12.3,12.3,12.3,248
1675638000,12.9,12.9,12.9,12.9,2
1675724400,12.8,12.4,12.8,12.4,236
1675810800,12.9,12.8,12.9,12.8,202
1675897200,12.9,12.9,12.9,12.9,2
1675983600,12.7,12.6,12.7,12.4,418
1676242800,12.9,12.9,12.9,12.9,2
1676329200,12.9,12.9,12.9,12.9,2
1676415600,12.5,12.3,12.5,12,532
1676502000,12.6,12.6,12.6,12.6,1
1676588400,12.6,12.1,12.6,12.1,81
1676847600,12.1,12,12.1,12,1185
1676934000,12,11.7,12,11.7,2374
1677020400,12.2,12.2,12.2,12.2,2
1677106800,12.2,11.9,12.2,11.9,756
1677193200,12,12,12,12,2
1677452400,12.1,11.9,12.1,11.8,413
1677538800,12,11.6,12,11.6,627
1677625200,11.9,11.9,12.6,11.5,3894
1677711600,12.1,11.6,12.1,11.6,827
1677798000,12.1,11.7,12.1,11.7,240
1678057200,12,11.6,12,11.3,1598
1678143600,11.8,11.8,11.8,11.8,2
1678230000,11.8,11.8,11.9,11.5,1370
1678316400,11.9,11.9,11.9,11.9,2
1678402800,11.9,11.8,11.9,11.8,32
1678662000,11.8,11.8,11.8,11.8,2
1678748400,11.8,11.6,11.8,11.4,752
1678834800,11.6,11.4,11.6,11.4,1474
1678921200,11.4,11.4,11.4,11.4,15
1679007600,11.5,11.6,11.6,11.4,2548
1679266800,11.7,11.7,11.7,11.7,2
1679353200,11.7,12,12,11.7,1055
1679439600,12.7,12,12.7,12,583
1679526000,12.2,11.7,12.2,11.1,6160
1679612400,11.9,11.9,11.9,11.9,2
1679868000,11.9,11.9,11.9,11.9,2
1679954400,11.9,11.4,11.9,11.3,833
1680040800,11.2,11.2,11.2,11.2,108
1680127200,11.3,11.2,11.5,11.2,1412
1680213600,11.7,11.2,11.7,11,5616
1680472800,11.6,11.6,11.6,11.6,10
1680559200,11.6,11,11.6,11,1538
1680645600,11.6,11.1,11.6,11.1,502
1680732000,11.6,11.2,11.6,11.2,330
1681164000,10.7,10.9,10.9,10.6,4116
1681250400,11.2,10.9,11.2,10.9,124
1681336800,11.2,10.7,11.2,10.7,1747
1681423200,10.9,10.6,10.9,10.5,3887
1681682400,10.8,10.6,10.9,10.2,2487
1681768800,10.7,10.6,10.7,10.6,632
1681855200,10.6,10.6,10.6,10.5,2558
1681941600,10.6,10.5,10.6,10.1,2667
1682028000,10.6,10.5,10.6,10.1,4789
1682287200,10.6,10.6,10.6,10.5,1716
1682373600,10.5,10.5,10.6,10.5,619
1682460000,10.6,10.6,10.6,10.3,3234
1682546400,10.6,10.3,10.6,10.3,2203
1682632800,10.7,10.5,10.7,10.5,702
1682978400,10.7,10.4,10.7,10.2,2741
1683151200,10.7,10.5,10.7,10.5,167
1683237600,10.5,10.7,10.9,10.5,1062
1683496800,10.1,10.4,10.6,10.1,1572
1683583200,10.6,10.4,10.6,10,3141
1683669600,10.6,10.6,10.6,10.4,332
1683756000,10.6,10.7,10.7,10.6,577
1683842400,10.7,12.1,12.6,10.4,16282
1684101600,12.1,11.2,12.1,11.1,3138
1684188000,11.4,11.1,11.5,11,3610
1684274400,11.8,11.8,11.8,11.3,2658
1684360800,11.8,11.8,11.8,11.8,2449
1684447200,11.8,11.4,11.8,11.4,1233
1684706400,11.4,11.6,11.6,11.4,640
1684792800,11.8,11.8,11.8,11.8,2
1684879200,11.8,11.2,11.8,11.2,2806
1684965600,11.3,11.6,11.7,11.3,750
1685052000,11.8,11.8,11.8,11.5,983
1685311200,11.8,11.8,11.8,11.7,2450
1685397600,11.8,11.7,11.8,11.7,634
1685484000,11.8,12.1,12.5,11.8,9035
1685570400,12.6,11.9,12.6,11.9,156
1685656800,12.3,12.2,12.3,12.2,20
1685916000,12,11.7,12.1,11.7,2266
1686002400,12.1,12.1,12.1,12,442
1686088800,12.1,12.1,12.1,11.9,1390
1686261600,12.1,12,12.1,12,1202
1686520800,12.1,12,12.1,12,2077
1686607200,12.1,12,12.1,12,160
1686693600,12.1,12,12.4,12,6172
1686780000,12.4,13.4,13.4,12.1,7345
1686866400,12.6,13.9,13.9,12.6,2998
1687125600,13.9,14,14,13.5,1990
1687212000,14.2,13.8,14.2,13.8,334
1687298400,13.8,13.8,13.8,13.8,2
1687384800,14.1,13.6,14.1,13.6,284
1687471200,13.8,13.3,13.8,13.3,1568
1687730400,12.7,13,13,12.7,570
1687816800,13.8,13.2,13.8,13.2,1715
1687903200,13.8,13.5,13.8,13.5,245
1687989600,13.5,13.5,13.7,13.5,626
1688076000,13.7,13.2,13.7,13.2,181
1688335200,13.7,13.2,13.7,13.2,790
1688421600,12.8,13,13.1,12.8,1553
1688508000,13.7,12.8,13.7,12.8,518
1688594400,13.7,13.7,13.7,13.7,2
1688680800,13.7,13.2,13.7,13.2,320
1688940000,13.5,12.8,13.5,12.8,12
1689026400,13.5,12.9,13.7,12.9,790
1689112800,14.9,14.6,15,14,9748
1689199200,15,14.7,15,14.3,766
1689285600,14.7,15,15,14.3,140
1689544800,14.6,14.6,14.6,14.1,1078
1689631200,14.7,14.2,14.7,14.2,212
1689717600,14.6,14.2,14.6,14.2,300
1689804000,14.7,14.5,14.7,14.1,183
1689890400,14.5,14.5,14.5,14.5,2
1690149600,14.4,15,15,14.4,1925
1690236000,15,14.6,15,14.6,3435
1690322400,15,14.8,15,14.6,205
1690408800,14.8,14.2,14.8,14.1,2843
1690495200,14.8,14.6,14.8,14.3,1033
1690754400,14.4,14.4,14.4,14.4,216
1690840800,14.4,13.9,14.4,13.9,2005
1690927200,14.1,14,14.2,14,375
1691013600,14.3,13.5,14.3,13.1,1563
1691100000,13.9,13.8,13.9,13.6,1293
1691359200,14,14.2,14.2,14,230
1691445600,14.2,13.8,14.2,13,2746
1691532000,14.2,14.2,14.2,14.2,13
1691618400,14.2,13.6,14.2,13.6,1327
1691704800,14.1,13.5,14.1,13.5,11
1691964000,14.1,13.8,14.1,13.2,2218
1692136800,13.9,13.4,13.9,13,2901
1692223200,13.9,13.8,13.9,13.8,50
1692309600,13.9,13.9,13.9,13.2,2557
1692568800,13.9,13.9,13.9,13.5,665
1692655200,13.9,13.9,13.9,13.9,5
1692741600,13.9,13.8,13.9,13.8,85
1692828000,13.8,13.8,13.8,13.8,255
1692914400,13.8,13.6,13.8,13.5,177
1693173600,13.8,13.7,13.8,13.7,13
1693260000,13.8,13.4,13.8,13.4,697
1693346400,13.4,13.2,13.4,13.2,382
1693432800,13.5,13.5,13.5,13.5,122
1693519200,13.7,13.7,13.7,13.6,1005
1693778400,13.8,13.7,14,13.7,365
1693864800,14,13.9,14,13.8,4007
1693951200,13.9,13.3,13.9,13.3,2505
1694037600,13.9,13.5,13.9,13.5,5
1694124000,13.6,14.6,15.5,13.5,25549
1694383200,14.3,14.7,15.2,14,6304
1694469600,15.2,14.8,15.2,14.8,1212
1694556000,15.2,14.2,15.2,14.2,699
1694642400,15.2,14.5,15.2,14.5,726
1694728800,14.9,14.6,14.9,14.4,123
1694988000,14.4,14.5,15,14.2,2976
1695074400,15.2,15.8,16,15.2,2747
1695160800,15.8,15.9,16.7,15.2,3863
1695247200,15.8,15.4,15.8,15.1,2168
1695333600,15.5,15.9,15.9,15.5,419
1695592800,15.9,16,16,15.6,126
1695679200,16.4,15.7,17,15.7,4297
1695765600,16.3,15.1,16.3,14.7,4248
1695852000,16,15.6,16,15.6,7
1695938400,15,16,16,15,837
1696197600,16.1,16,16.1,16,4
1696284000,16,15.8,16,15.4,217
1696370400,15.8,15.9,15.9,15.4,402
1696456800,16,15.7,16,15.7,44
1696543200,15.8,16,16.1,15.5,1432
1696802400,16.1,16.6,17,16,2901
1696888800,16.8,19.3,19.8,16.8,25276
1696975200,19.3,19,20,18.6,11458
1697061600,19,19,19.5,18,4775
1697148000,18.9,19,19,18.2,1819
1697407200,19,18.6,19.8,18.2,889
